                                                                                                                                                                                                                                                                                                                                                                                                                
                                                                                                                                                                                                                                                                                                                                                                                                                
                                                                                                                                                                                                                                                                                                                                                                                                                
                                                                                                                                                                                                                                                                                                                                                                                                                
                                                                                                                                                                                                                                                                                                                                                                                                                
                                                                                                                                                                                                                                                                                                                                                                                                                
                                                                                                                                                                                                                                                                                                                                                                                                                
                                                                                                                                                                                                                                                                                                                                                                                                                
                                                                                                                                                                                                 55555                                                                                                                                                                                                          
                                                                                                                                                                                                5555555                                                                                                                                                                                                         
                                                                                                                                                                                               555555555                                                                                                                                                                                                        
                                                                                                                                                                                                5555555                                                                                                                                                                                                         
                                                                                                                                                                                                  555                                                                                                                                                                                                           
                                                                                                                                                                                                                                                                                                                                                                                                                
                                                                                                                                                                                                                                                                                                                                                                                                                
                                                                                                                                                                                                                                                                                                                                                                                                                
                                                                                                                                                                                                                                                                                         5555555555                                                                                                             
                                                                                                                                                                                                                                                                                      5555555555555                                                                                                             
                                                                                                                                                                                                                                                                                   55555555555555                                                                                                               
                                                                                                                                                                                                                                                                                555555555555                                                                                                                    
                                                                                                                                                                                                                                                                               5555555555                                                                                                                       
                                                                                                                                                                                                                                                                             555555555                                                                                                                          
                                                                                                                                                    55555                                    5555555555555555555                                                            55555555                                                                                                                            
                                                                                                                                                  55555555                              555555555555555555555555555                                                        55555555                                                                                                                             
                                                                                                                                                  55555555                          2555555555555555555555555555555555                                                    55555555                                                                                                                              
                                                                                                                                                   555555                         55555555555555555555555555555555555555                                                 55555555                                                                                                                               
                                                                                                                                                                                555555555555              555555555555555                                                5555555                                                                                                                                
                                                                                                                                                                              5555555555                      5555555555555                                             5555555                                                                                                                                 
                                                                                                                                                                            555555555                           555555555555                                            5555555                                                                                                                                 
                                                                                                                                                                           55555555                               55555555555                                           5555255                                                                                                                                 
                                                                                                                                                                         55555555                                  55555555555                                          5525555                                                                                                                                 
                                                                                                                             55555                                      55555555                                    5555555555       555555                             5555555                                                                                                                                 
                                                                                                                            555555                                     55555555                                      5555555555      555555                             55555255                                                                                                                                
                                                                                                                           55555555                                   5555555                                         555555555     55555555                            55255555                                                                                                                                
                                                                                                                           55555555                                   555555                                          555555555     55555555                            555555555                                                                                                                               
                                                                                                                          555555555                                  555555                                           555555555    555555555                            555525255                                                                                                                               
                                                                                                                          5555555555                                555555                                             5555555     555555555                            5555555555                                                                                                                              
                                                                                                                         55555555555                               5555555                                             5555555    55555552555                            555555555                                                                                                                              
                                                                                                                         55555555555                              555555                            5                  555555    5555555555555                           552525255                                                                                                                              
                                                                                                                        5555555555555                           5555555                          5555555                         5555252555255                           555555555                                                                                                                              
                                                                                                                        5555555555555                          5555555                           55555555                       55555555525555                           555555525                                                                                                                              
                                                                                                                       55252555555555                          555555                            55555555                       55555555555555                           555252555                                                                                                                              
                                                                                                                      5555555525525255                                                            55555                        5555252525255255                          555555555                                                                                                                              
                                                                                                 5555555555555555555552525552555555552555555555555555555555                                                                   55255555555555555                         5525555255                                                                                                                              
                                                                                                 5252552555555555255255555255525252555555555555555552555555                                                                   555555555552525555                        5555255552                 55555                                                                                                        
                                                                                                 5555255252525255525525525552555555552525252525252555252525                                                                   555552525255555255                        5525552555        5555555555252555555555                                                                                                
                                                                                                    5525555555525252555552555252525255555555555555255555                                                         55          5525255555555555552                       5255555552     555552525555255555252552525555                                                                                            
                                                                                                       25252525555552525252525525555252525252525255525                                                         552555       555555555555252525555                     55555252555   5555255555525555552555555555525555                                                                                          
                                                                                                          5252525252552552525255252555555555555552                                                             5555255      525552525255555555555                    55252555555   55255555552555525255555525555555255555                                                                                       
                                                                                                             5252525255252552525525252525225252                                                                525552      55552555555525255252525                  55555555552    555525252                 52525555252555                                                                                     
                                                                                                                55525252525255525555252525525                                                                              52555525552555555555555                552525252525       55                          55255555555                                                                                    
                                                                                                                 25252525525225252252552525                                                                               555252555255525525252525             55525555555555                                      55555252555                                                                                  
                                                                                                                 25252525252552525255252525                                                                               525555525552555555555555         5555555552552552                                          5255555555                                                                                 
                                                                                                                5252525252525252525252525252                                                                             55525525525555252525252555     55525525252555552                                              555525555                                                                                
                                                                                                               222525252525252525252252525252                                                                           525552552555255555555555252     525555555555525                                                 52555555                                                                                
                                                                                              5222            5252522525252522525225252525255                                                                           5525552555255252552525255555     5525255552                                                     555552555                                                                               
                                                                                             22525            25252522522252522225252252525225                                                                         52552525525525555255555525252                                                                     552555255                                                                              
                                                                                            222222           222222252252522     25252252525252                                                                        55255552552555255525252555555                                                                      55525555                                                                              
                                                                                           2252525          25252525252225         225252252525                  25252525252525                                       5252525252552525252555552525255                                                                     55555555                                                                              
                                                                                           2222222          22225222225              25252522525                52525252525255252525252525252525252                  52555552555255555555252555555525                                                                      5555255                                                                              
                                                                                           252222          22522252522                 2252522225                2525252525252525252525252525252525525252552525525252552522552525252525255552525252555555555555555555555555555555555555555555555555555555555               5255555                                                                              
                                                                                           2225222        222252222                      22252522                 252525252525252525252525252525252525555255252555525252555255255525252525255255555252525252525252525252525552555252552555255255255555555555               5555525                                                                              
                                                                                           2222222        2522222                          252525                    2525252525252525252525252525252525252525552525255552525255252555555555255252525555555555555555555555552555255555555255555555525252525                 5555555                                                                              
                                                                                           22222222       52222                                                        52525252525252525252525252525252525252525252525255555525255252525252525555255252525255252525252525255525552555555552525255555555                   55555555                                                                              
                                                                                           222222222                                                                      25225252525252525252525252525252525255555252525252555525252525255552525525555555525555555555555552555255525252555555552552                      5525555                                                                               
                                                                                           2222222222                        2222                                            25252525252525255252525252525252525225255525255252552555555525255552552525252555525525252525255525555555555555555555                         5555555                                                                               
                                                                                            222222222222                   222222                                               2525252525252525252525252525525252552525552525252525252525252525525552552552555255555555555255525252555252552                             555552                                                                                
                                                                                             2222222222222               22225252                                       252252     2225252525252525252525252525255252552525555525552525255555552552525255555255552525252525552555555525555                               5555555                                                                                
                                                                                              222222222222222222222222222225222                                      2252252252       5252525252525252525525252525252525252252552525555525252525255255525252552555555555555255555552555                                  5555555                                                                                
                                                                                                222222222222222222222222222222                                     225225225225          2525252525252525252525252525525525525252552522555255255525525255555255525255255255552552555                                     5555555                                                                                
                                                                                                  2222222222222222222222222                                      22522522522522             252525252525252525252525252525255252525255525252552525255552525552555555555555525555                                         5555555                                                                                
                                                                                                     2222222222222222222                                        25225225225225                52525252525252525252525252525252552555255525552555555252555525552525252525255555                                           5555555                                                                                
                                                                                                                                                               222522522522                      2525252525252525255252525252525525252525252525252555525255525555555555555                                               5555555                                                                                
                                                                                                                                                              25222222522                           25252525252525252525255252525525525555555555252525555525525255525525                                                  5555555                                                                               
                                                                                                                                                             22225252222                              252525252525252552525255252525252525252525555555252552555552555                                                     5555555                                                                               
                                                                                                                                                             252222252                                   252525525252525252525252525555252525252525255555255525255                                                         55555555                                                                             
                                                                                                                                                            222252522                                     52552525252525525255525552525555555555555525255525555                                                             555555555                                                                           
                                                                                                                                                            22522222             5222225                 252525252525252525525252252525225252525252555525552525                                                               555555555                                                                         
                                                                                                                                                           222222252            225252522               52525252552525252525252555252525525252525252525552555555                                                               55555555555                                                                      
                                                                                                                                                          225225222            25225222525             252522525252525525252525252525552555555555555555255525525       555555555552                                              5555555555555                                                                  
                                                                                                                                                          22222222             22522525252            25222525252525525255255252555525252525252525252555255555555     5555555555555555555                                           555555555555                                                                
                                                                                                                                                         22222225                  2522525            25252525252525252525252555252525555252525255555252552525255     55252525252555555555555                                          55555555555                                                              
                                                                                                                                                        22222252                  2225222            2525252525252525252525252525255525255555555252525552555555525        5555555525255555555555                                          5555555555                                                            
                                                                                                                                                      222222222                   25225             525225252525252525252555252525252525252525255555525552552525555                555525525555555                                          5555555555                                                          
                                                                                                                                                    222222222                                      2252525225252525252525225255552525555525255525252555255555552555                     555555555555                                          555555555                                                         
                                                                                                                                                 22222222222                                      252525252525252525252525255252525525252555255555555255525252555255                       55255555555                                          555555555                                                       
                                                                                 22222222222222222222222222222                               2222222222222                                       52525225252525252525252552525252    5255252525252525525555555525555                          5555555555                                         555555555                                                      
                                                                            2222222222222222222222222222222222222222222                22222222222222222                                        2252225252525252525255252525525        255255555555525552552555552555                          5555555555                                         555555555                                                     
                                                                         2222222222222222222222222222222222222222222222222222222222222222222222222222                                          25225252525252525252525255252             55252525255525555555252555255                           555555555                                         555555555                                                    
                                                                      2222222222222222222222222222222222222222222222222222222222222222222222222222                                             252525252252252525252525255                 555252525552525255555555555                            555555555                                         55555555                                                    
                                                                   22222222222222222                          2222222222222222222222222222222                                                 2525252252525252525252552                      55555525555555555552525255                             55555555               55555                     55555555                                                   
                                                                 2222222222222                                               222222                                                          252525252525252525252525                          525552525525525255555555                             55555555              55555555                   55555555                                                   
                                                                22222222222                                                                                                                 2525252525252525252525          525                  52555555555555555555555                             55555555            5555555555                   55555555                                                  
                                                              2222222222                                                                                                                   522522225252252525252           2525255                 5555252525555252555555                            55555555             555555555                   55555555                                                  
                                                            2222222222                                                                                                                    22522555252252525252             52555255                  555555552555555525555                            5555555                555555                   55555555                                                  
                                                           222222222                                                                                                                      522522252525252522               552525252                   5555555555555555555                            5555555                555555                   55555555                                                  
                                                          222222222                                                                                                                      2252525225252525                   525525555                    525555252525555555                           55555555              5555555                  555555555                                                  
                                                         22222222                                                                                                                       25252522525225                       52552525                      55255555555555555                          55555555             5555555                   55555555                                                   
                                                        22222222                                                                                                                       25252225252252                        552552525                       555555555555555                          55555555             555555                   555555555                                                   
                                                       22222222                                                                                                                       252225252525                           2552555525                        55555255555555                         55555555             555555                  555555555                                                    
                                                       22222222                                                                 22222                                                25252525222                              525252552                          5555555555555                        55555555             555555                 5555555555                                                    
                                                      22222222                                     222                        222222222                                              22222522                                 555555255                            55555555555                        55555555             555555               55555555555                                                     
                                                     22222222                                     222222                     22222222222                                              52522                                   525252555                              5555555555                       55555555             55555555          5555555555555                                                      
                                                     22222222                                     2222222                    22222222222                                                                                     5255555252                                55555555                       55555555             55555555555   5555555555555555                                                       
                                                     2222222                                      22222222                   2222222222                                                                                      5525255555                                  55555                        55555555              5555555555555555555555555555                                                        
                                                     2222222                                      222222222                   22222222                                                                                       5255525255                                                              55555555                5555555555555555555555555                                                          
                                                    22222222                                      2222222222                     22                                                                                         5252555552                                                               55555555                  555555555555555555555                                                            
                                                    22222222                                      22222222222                                                                                                              55555252552                                                              555555555                    5555555555555555                                                               
                                                     2222222              222222                  222222222222                                                                                                           552525555555                                                              555555555                                                                                                    
                                                     22222222            22222222                 2222222222222                                                                                                         525555255525                                                              555555555                                                                                                     
                                                     22222222            22222222                 2222222222222                                                                                                      52555525555255                                                              555555555                                                                                                      
                                                     222222222            222222                  22222222222222                                                                                                  5525525255525555                                                             5555555555                                                                                                       
                                                     222222222                                   22222222222222222                                                                                           2555252525555525552                                                             55555555555                                                                                                        
                                                      222222222                                  22222222222222222                                                                                     525525525255555525255525                                                            555555555555                                                                                                         
                                                      2222222222                                 222222222222222222                                                                           525252525252552552552552555555                                                            5555555555555                               555                                                                         
                                                       2222222222                                2222222222222222222                                                                    525252552525255555255255555255555                                                           555555555555555                               5555555                                                                       
                                                        22222222222                              22222222222222222222                                                                2525252552525525252525255252525                                                            5555555555555555                                  55555555                                                                      
                                                         22222222222                             222222222222222222222                                            22222            25252525252525255552555                                                                5555555555555555555                                     55555555                                                                      
                                                          222222222222                           2222222222222222222222                                     222222525252         252525252522                                                                         55555555555555555555                                         555555                                                                       
                                                           22222222222222                        22222222222222222222222                             2222222522525252225        52525252                                                                          5555555555555555555                                                                                                                           
                                                             222222222222222                     22222222222222222222222                        2222225252522522222252         2525252                                                                         555555555555555555                                                                                                                               
                                            222222             22222222222222222                 222222222222222222222222                222222222222222222222252522          5252525                                                                      55555555555555555                                                                                                                                    
                                           2222222              222222222222222222222            2222222222222222222222222          222222222222252525222525252222            252525                                                                    5555555555555555                                                                                                                                        
                                           2222222                 222222222222222222222         222222222222222222222222222222222222222222252522222225252222252              52525                                                                  555555555555555                                                                                                                                            
                                            22222                     2222222222222222222        2222222222222222222222222222222222222222252222252252222252525                 52                                                                  55555555555555                                                                                                                                               
                                                                           2222222222222         22222222222222222222222222222222222222222222252222225222222                                                                                     5555555555555                                                                                                                                                  
                                                                                                2222222222222222222222222222222222222222252252225252225252                                                                                     555555555555                                                                                                                                                     
                                                                                                22222222222222222222222222222222222225222222225222225222                                                                                      55555555555                                                                                                                                                       
                                                                                           22222222222222222222222222222222222222222222525252222525222                                                                                      55555555555                                                                                                                                                         
                                                                                    2222222222222222222222222222222222222222222222222222222225222225                                  5                                                    5555555555                                                                                                                                                           
                   222222                                                    222222222222222222222222222222222222222222222222222222252222222225252                                 5555555                                                5555555555                                                                                                                                                            
                  22222222                                            222222222222222222222222222222222222222222222222222222222222222252525252222                                  52525255                                             5555555555                                                                                                                                                              
                  2232322                                     222222222222222222222222222222222222222222222222222222222222222222222222222222225                                    5525555                                              555555555                                                                      55555                                                                                    
                   22222                                2222222222222222222222222222222222222222222222222222222222222222222222225252522225252                                        5525                                              555555555                                                                       555555                                                                                   
                                                    222222222222222222222222222222222222222222222222222222222222222222222222222222222252222                                                                                           555555555                                                                        555555                                                                                   
                                                   222222222222222222222222222222222222222222222222222222222222222222222225225222222522252            252525252                                                                       55555555                                                                         555555                                                                                   
                                                    22222222222222222222222222222222222222222222222222222222222222222222222222252522225225         2525252525552525555                                                               555555555                                                                         555555                                                                                   
                                                        22222222222222222222222222222222222222222222222222222222222222222222252222252225222       525252525522555525255555                                                          555555555                                        5555                              555555                                                                                   
                                                                2222222222222222222222222222222222222222222222222222222222252225252252525252      25252555255525255252525255                                                        555555555                                       555555                            5555555                                                                                   
                                                                       2222222222222222222222222222222222222222222222222252225222222222525252      2525252525252525555555555555                                                     555555555                                      5555555                           5555555                                                                                    
                                                                            2222222222222222222222222222222222222222225222252225252525222252525             25555525555552525555                                                    555555555                                       555555                          5555555                                                                                     
                                                                                    222222222222222222222222222225252222252225222222525252525252                 55525255555555555                                                  555555555                                                                     55555555                                                                                      
                                                                                          2222222222222222222225222225252225225252522525252525252                   555555552525555                                                 555555555                                                                    55555555                                                                                       
                                                                                               2222222222222222222522222252252252525225252525252555                    5555555555555                                                555555555                                                                55555555555                                                                                        
                                     222222                                                    22222222222222522522252525252252222525252525252552525                     555555555555                                               555555555                                                            5555555555555                                                                                          
                                    2222222222                                                5222222222222522222252225222252252525252525252552552555                      55555555555                                              5555555555                                                      555555555555555                                                                                             
                                   22222222222                                                22222222222222252522252525252525252525252525252552552525                      55555555555                                              555555555                                                  55555555555555555                                                                                               
                                   22222222222                                                222222222252252222252222    25252252525252525552552555555                      5555555555                                              555555555               555                              555555555555555                                                                                                   
                                    222222222                  2222222                       22222222222222225252252         2525252525255252525552525255                     5555555555                                              555555555             555555                          55555555555555                                                                                                      
                                      222222                  222222222                      2222222252525252222525               252525252555525555555555                     555555555                                              5555555555            555555                        5555555555555                                                                                                         
                                                              222222222                      222222522222222252222                    555552525555555552555                     555555555                                              5555555555          55555555                      555555555555                                                                                                           
                                                               2222222                       22222222222252522525                        2555552525255555555                    5555555555                                              5555555555         555555555                    55555555555                                                                                                             
                                                                                            2225252525252222525                              55555555555555555                   5555555555                                              5555555555        555555555                   55555555555                                                                                                              
                                                                                            222222222222525225                                  255525555555555                   5555555555                                              5555555555      55555555555                 55555555555                                                                                                               
                                                                                            22522522525222252                                       555555555555                   5555555555                                               55555555      55555555555                 5555555555                                                                                                                
                                                                                           22222525222252525        25252552552                        555555555                    55555555555                                               55555      5555555555555                5555555555                                                                                                                
                                                                                           225222225252525          55525255255555552                     555555                      55555555555555      55555555555555555555                           55555555555555              5555555555                                                                                                                 
                                                                                           222525252525252          25255525525252555555                                                55555555555555555555555555555555555555555                        55555555555555              5555555555                                                                                                                 
                                                                                           2522225222525              552555555555525555555                                               555555555555555555555555555555555555555555                     555555555555555             5555555555                                                                                                                 
                                                                                          2225252252522                     255255555525555555                                               5555555555555555555555    555555555555555                  55555555555555555             555555555                                                                                                                 
                                                                                          252252525252                            5555555555555                                                                               555555555                 55555555555555555             5555555555                   55555                                                                                        
                                                                                         252522525252                                 55555555555                                                                                5555555               5555555555555555555            5555555555                  5555555                                                                                       
                                                                                         22525225252                                    25555555555                                                                               555555               5555555555555555555             555555555                 55555555                                                                                       
                                                                                         5225252525                                        555555555                                                                                 55                55555555555555555555              55555                    555555                                                                                        
                                                                                         252525252                                          555555555                                                                                                 555555555555555555555                                                                                                                                     
                                                                                        25252525                                              55555555                                                                                                5555555555555555555555                         5555555555555                                                                                              
                                                                                        2525252           555555555                            55555555                                                                                               5555555555555555555555                 555555555555555555555                                                                                              
                                                                                        525252          552525555555                            55555555                                                                                              55555555555555555555555       55555555555555555555555555555                                                                                               
                                                                                         252           55555555555555                            5555555                                                        55                                   5555555555555555555555555555555555555555555555555555555555                                                                                                 
                                                                                                       52555555555555                            55555555                                                     55555555555555555555555555555555555555555555555555555555555555555555555555555555555555555555555                                                                                                   
                                                                                                       55525555555555                             5555555                                                    5555555555555555555555555555555555555555555555555555555555555555555555555555555555555555555555                                                                                                     
                                                                                                        555555555555                              5555555                                                      555555555555555555555555555555555555555555555555555555555555555555555555555555555555555555                                                                                                       
                                                                                                         5555555555                               55555555                                                       55555555555555555555555555555555555555555555555555555555555555555555555555555555555555                                                                                                         
                                                                                                          55555555                                55555555                                                          555555555555555555555555555555555555555555555555555555555555555555555555555555555                                                                                                           
                                                                                                                                                   5555555                                                             555555555555555555555555555555555555555555555555555555555555555555555555555                                                                                                              
                                                                                                                                                   5555555                                                               55555555555555555555555555555555555555555555555555555555555555555555555                                                                                                                
                                                                                                                                                   5555555                                                                  555555555555555555555555555555555555555555555555555555555555555555                                                                                                                  
                                                                                                                                                   55555555                                                                    5555555555555555555555555555555555555555555555555555555555555                                                                                                                    
                                                                                                                                                   55555555                                                                       55555555555555555555555555555555555555555555555555555555                                                                                                                      
                                                                                                                                                   55555555                                                                          555555555555555555555555555555555555555555555555555                                                                                                                        
                                                                                                                                                   55555555                                                                             5555555555555555555555555555555555555555555555                                                                                                                          
                                                                                                                                                   55555555                                                                                55555555555555555555555555555555555555555555                       55555                                                                                             
                                                                                                                                                    55555555                                                               5555555           5555555555555555555555555555555555555555555                     5555555                                                                                            
                                                                                                                                                    55555555                                       555                   555555555           55555555555555555555555555555555555555555555                   555555555                                                                                           
                                                                                                                                                    555555555                                     555555               55555555555           555555555555555555555555555555555555555555555                  55555555                                                                                            
                                                                                                                                                    555555555                                    55555555            55555555555            55555555555555555555555555555555555555555555555                  555555                                                                                             
                                                                                                                                                     555555555                                   55555555          555555555555            5555555555555555555555555555555555555555555555555                                                                                                                    
                                                                                                                                                      555555555                                    5555          55555555555               55555555555555555555555555555555555555555555555555                                                                                                                   
                                                                                                                                                       555555555                                               555555555555               5555555555555555555555555555555555555555555555555555                                                                                                                  
                                                                                                                                                        5555555555                                          555555555555                 5555555555555555555555555     555555555555555555555555                                                                                                                 
                                                                                                                                                         55555555555                                     5555555555555                  555555555555555555555555         55555555555555555555555                                                                                                                
                                                                                                                                                          555555555555                                55555555555555                    5555555555555555555555              555555555555555555555                                                                                                               
                                                                                                                                                            5555555555555                        5555555555555555                      555555555555555555555                  55555555555555555555                                                                                                              
                                                                                                                                                              55555555555555555           55555555555555555555                        55555555555555555555                       555555555555555555                                                                                                             
                                                                                                                                                                 555555555555555555555555555555555555555555                          5555555555555555555                            5555555555555555                                                                                                            
                                                                                                                                                                    55555555555555555555555555555555555                              55555555555555555                                555555555555555                                                                                                           
                                                                                                                                                                         555555555555555555555555                                   5555555555555555                                     5555555555555                                                                                                          
                                                                                                                                                                                 55555555                                          555555555555555                                          55555555555                                                                                                         
                                                                                                                                                                                                                                   5555555555555                                               55555555                                                                                                         
                                                                                                                                                                                                                                  555555555555                                                    5555                                                                                                          
                                                                                                                                                                                                                                 55555555555                          555555                                                                                                                                    
                                                                                                                                                                                                                                 555555555                           55555555                                                                                                                                   
                                                                                                                                                                                                                                55555555                             5555555                                                                                                                                    
                                                                                                                                                                                                                                 55555                                555555                                                                                                                                    
                                                                                                                                                                                                                                                                                                                                                                                                                
                                                                                                                                                                                                                                                                                                                                                                                                                
                                                                                                                                                                                                                                                                                                                                                                                                                
                                                                                                                                                                                                                                                    555555555                                                                                                                                                   
                                                                                                                                                                                                                                                   55555555555                                                                                                                                                  
                                                                                                                                                                                                                                                  5555555555555                                                                                                                                                 
                                                                                                                                                                                                                                                  5555555555555                                                                                                                                                 
                                                                                                                                                                                                                                                  5555555555555                                                                                                                                                 
                                                                                                                                                                                                                                                   55555555555                                                                                                                                                  
                                                                                                                                                                                                                                                    555555555                                                                                                                                                   
                                                                                                                                                                                                                                                                                                                                                                                                                
                                                                                                                                                                                                                                                                                                                                                                                                                
                                                                                                                                                                                                                                                                                                                                                                                                                
                                                                                                                                                                                                                                                                                                                                                                                                                
                                                                                                                                                                                                                                                                                                                                                                                                                
                                                                                                                                                                                                                                                                                                                                                                                                                
