                                                                                                                                                                                                                                                                                                                                                                                                                
                                                                                                                                                                                                                                                                                                                                                                                                                
                                                                                                                                                                                                                                                                                                                                                                                                                
                                                                                                                                                                                                                                                                                                                                                                                                                
                                                                                                                                                                                                                                                                                                                                                                                                                
                                                                                                                                                                                                                                                                                                                                                                                                                
                                                                                                                                                                                                                                                                                                                                                                                                                
                                                                                                                                                                                                                                                                                                                                                                                                                
                                                                                                                                                                                                                                                                                                                                                                                                                
                                                                                                                                                                                                                                                                                                                                                                                                                
                                                                                                                                                                                                                                                                                                                                                                                                                
                                                                                                                                                                                                                                                                                                                                                                                                                
                                                                                                                                                                                                                                                                                                                                                                                                                
                                                                                                                                                                                                                                                                                                                                                                                                                
                                                                                                                                                                                                                                                                                                                                                                                                                
                                                                                                                                                                                                                                                                                                                                                                                                                
                                                                                                                                                                                          29555533177     77132555963                                                                                                                                                                                           
                                                                                                                                                                                   592   7599537               7359951   295                                                                                                                                                                                    
                                                                                                                                                                             651 74437             7113333177            734417146                                                                                                                                                                              
                                                                                                                                                                         93 764        7369437                23  159937        467 292                                                                                                                                                                         
                                                                                                                                                                    361 561      2957                   7713 27           1292      155 165                                                                                                                                                                     
                                                                                                                                                                 46 191     39337                 77235333177717          3     393     791 63                                                                                                                                                                  
                                                                                                                                                              45 53     547 777         294377   1255466445231    7156417           755     24 35                                                                                                                                                               
                                                                                                                                                           26 34    193     5    1563 712442    7132555545552317   156537 1451          161    53 66                                                                                                                                                            
                                                                                                                                                         9774    16       9  557 19477 16937                        3592 77591  56          62    6179                                                                                                                                                          
                                                                                                                                                      36 23   79        754  393 7563                                     7551 762  42        791   35 43                                                                                                                                                       
                                                                                                                                                    34 9    97        91 26  397                     5000093                    64  65  97       79    9 34                                                                                                                                                     
                                                                                                                                                  4516   76       747 42 163                     291        744                    743 357767       61   5732                                                                                                                                                   
                                                                                                                                                 6 9   75       53 51 39                       35   897  798   35                      23 34 75       41   4 22                                                                                                                                                 
                                                                                                                                               9 9   13      75725 32                         87  9          67  0                        55 53 61      22   4 53                                                                                                                                               
                                                                                                                                             5 27  75      15 53797                          37  9            67 75                          9 12 61      67   9 9                                                                                                                                              
                                                                                                                                           6373   6733 7 33 6735                             0  0              0  0                            5776 53      9   2333                                                                                                                                            
                                                                                                                                          9 9   242    72 9 35                               0  8              9  9                              5775 97     71   6 4                                                                                                                                           
                                                                                                                                         572   9      5 9 23           00                    0  9              0  0                     6          3775 9     237  1733                                                                                                                                         
                                                                                                                                       5737  37     4 5376             54                    72  8            0  13                   979 9          6 3172   3774   612                                                                                                                                        
                                                                                                                                      9 9   9     75 979           101 71  02                 26  56        29  24                     701             9 6 37 5   9   9 6                                                                                                                                       
                                                                                                                                     9 9  79     373711              6771 8                    707  76899891   97                      70               573279     37  5 9                                                                                                                                      
                                                                                                                                    473  77     4 9 9                 6318                        607       90                         70                 678 8      5 75 9                                                                                                                                     
                                                                                                                                   972  21    757575             88999908999998                       1333                 4     70066660664600            273737     2  174                                                                                                                                    
                                                                                                                                  673  37    777777                   6118                                               75043          0                   737337     6  379                                                                                                                                   
                                                                                                                                 9 5  57    27474                    9 71 87                                             3757           8                     5 271     5  176                                                                                                                                  
                                                                                                                                9 6  77    77372                   702 71  02                                          11               9                      9 473     5  6 4                                                                                                                                 
                                                                                                                               979   5 1  114 6                        73                                          7801               90807                     5 371    77  6 5                                                                                                                                
                                                                                                                               55   45   71773                         00                                  772963773995                 9                        4735     5   512                                                                                                                               
                                                                                                                              471  92    6 227                                                 3709169277          6                    9                        71175     6  739                                                                                                                               
                                                                                                                      63     579  5  5  9 4 3                                                  2803               9                                               376 4     2  5 6     223                                                                                                                      
                                                                                                                    97316    45   1    3 4 9                                                       27            6                                                 5 9 3    27  233   02475                                                                                                                     
                                                                                                                     979    6 2  6   1 5115                                                          57         9                                                   2772     9  5 4    5 9                                                                                                                      
                                                                                                                    82 58   21 73  2  9 571                                                            37      5                                                    3 9 5    77  93   89 69                                                                                                                     
                                                                                                                    59 752 2795 917  71176                                                               21   4                                                      9 25     4  379  49 351                                                                                                                    
                                                                                                                    355 2  973  1    5 973                                                                 3480                                                      7 5 6    5  713  413 5                                                                                                                     
                                                                                                                   937  65 39  13    5376                                                                   439                                                       5775     6  97995 5 25                                                                                                                    
                                                                                                                    6  79 5 3  9    3 9 3             3004                                                                                       4233   8791          6 477    6  5 6 9   9                                                                                                                     
                                                                                                                   96 9137977 72    97377             3314                                                                                      8785    33931         716 5    17  3935 0 122                                                                                                                   
                                                                                                                  291179 5427 2     2772           37  75   2                                                                                   078 6   05289          63 6    71  6631579 83                                                                                                                   
                                                                                                                   574 75973 39    77379             9 73 97                                                                                    9733  9  1373          6 53     5  47231  363                                                                                                                   
                                                                                                                 3389 8 31195 9    775 4              3959                                                                                      4397888807423          2 677    6  5392 2 2553                                                                                                                  
                                                                                                                 185 5 5 4 5  9    1 6 3         777777007 777 7                                                                                 91   9   89           179 3    6  156 9 3 59                                                                                                                   
                                                                                                                  9733  6715  6    3 9 3             357376                                                                                      73   9   0            779 2    9  1713   976                                                                                                                   
                                                                                                                  8669699353  4    3 9 1           78  73  21                                                                                     7  797  1            779 5    9  1859899999                                                                                                                   
                                                                                                                   9 17 7313  6    3 9 3               34                                                                                            791               179 3    9  17837  613                                                                                                                   
                                                                                                                   911  9175  9    176 2              6  6                                                                                           603               3 9 3    4  37911  673                                                                                                                   
                                                                                                                   917  9179  9    775 6               77                                                                                                              4 53     2  5 811  413                                                                                                                   
                                                                                                                   91 7 6779  4    71176                                                                                                                               9716     1  9 6117 473                                                                                                                   
                                                                                                                   939355715  17    5713                                                                                                                               35 6    77  45515 5413                                                                                                                   
                                                                                                                   9 17617577  4    6 577                                                                                                  753                        2 973    5  11649762973                                                                                                                   
                                                                                                                   95 5 975 5  4     34 4                                                                                                 39007                       6 117    9  6 34 31 572                                                                                                                   
                                                                                                                   9 4 5 5 26  77    9 35                                                                                                    3                       771 9    11  51 63175 52                                                                                                                   
                                                                                                                   977  53 6 3  4    774 4                                                                                                   3                       5 9 3    9  779 4 3  275                                                                                                                   
                                                                                                                   91   43 179  5     2773                 315327                                                                             6                      52 9    73  6 5 471  275                                                                                                                   
                                                                                                                   61   53 7677  9    3 9 5                 500                                                                      573       4                    9 277    5  7392 671  275                                                                                                                   
                                                                                                                   91   43 7279  17    9 411                                                                                        90035544539042                 175 9     2  9714 671  274                                                                                                                   
                                                                                                                   91   43777973  6    77172                      3091   509                                                         5        960                  5116     9  776 4 671  275                                                                                                                   
                                                                                                                   93   43777 33   5    2 9 6                   83   7057   73                                                      77                            6 271    3   637 4 671  275                                                                                                                   
                                                                                                                   93   43777 3 5  17    4 9 5                18    07                                                              5                            5 9 6     2  9 5  6 617  275                                                                                                                   
                                                                                                                   91   63 77  4 5  9     6 571              76    0                                                                9                           4 9 4     5  176   6 411  275                                                                                                                   
                                                                                                                   91   43 77   217  9     6 473             67   97                                                                5                          3 4 9     6  735    6 471  275                                                                                                                   
                                                                                                                   91   43 77    54   4     4 5 1            0    0                                                                 1                         6 9 9    79  7317    6 411  275                                                                                                                   
                                                                                                                   91   43 77    715   6     9 6 5           67   41                                                              9892                       4 6 6    35   972     4 411  274                                                                                                                   
                                                                                                                   91   63 77  0  319   5 5   9 9 9          79    87                                                        749377023                      5 5 65342 9   573  6   4 411  574                                                                                                                   
                                                                                                                   917  63 77  65  376   63    5 4 5          38    93                                            502 1345                                331576     6   974 755   4 417  275                                                                                                                   
                                                                                                                   91   63 77  6 5  116   9     1313 5          96    203   50                                    091                                    9 5 37     6   371  375   4 417  275                                                                                                                   
                                                                                                                   91   43 77  9 73  7337  2      4 6 67          3685333595                           9                                               1375 9     15  1233  97 2   4 617  275                                                                                                                   
                                                                                                                   91   43 77  9   5   975  72     3771 4                                         00  707  907                                        6 9 33     57  3 3 3517  5   4 411  275                                                                                                                   
                                                                                                                   91   43 77  6 8  2   9 9   9      6 5772                                      0 31  8  36 0                                      6 53 6     75   6 97  4  8 2   4 411  274                                                                                                                   
                                                                                                                   91   43 77  6 99  9   172   71     74 9 31                                      29  9  627                                     47 9 4      57  7575   5  46 5   4 611  575                                                                                                                   
                                                                                                                   91   43 77  6 9 37 9    976   5      3579 15                                      66850                                      6776 57     76 17976    6 13 6 5   5 611  575                                                                                                                   
                                                                                                                   91   43 77  4 9  75 37   5747   9      22 9 75                                     406                                     9 79 37      6   1375   15 2   6 5   5 611  575                                                                                                                   
                                                                                                                   91   43 77  4 9    9  9    9 9   76      74 33 53                              5485 0 38 5                              51791 9       67  7478 3319  5    9 2   5 611  575                                                                                                                   
                                                                                                                   91   43 77  4 9 711 11 51   7375   35       67747 97                          3291  0   039                          16 19 19       57   9 53   13 23717139 2   5 611  575                                                                                                                   
                                                                                                                   91   43 77  4 71    4 4  8    3174   79       75 19 793                            70                             35  87791       9    9741   747 6 8    9  5   5 611  575                                                                                                                   
                                                                                                                   91   43 77  4 4     71  6 74 3  2375    67       42 347 557                         0                         755 791 36245537 19    6 22    6 757751     5 2   5 611  575                                                                                                                   
                                                                                                                   91   43 77  4  4   8777   4  4    7578    12        79  55  191                                           191  92  93        91   74 97    9  37  2379   9  2   5 617  575                                                                                                                   
                                                                                                                   91   43 77  6 9  7 4    13793 75     6 22    43        7557 543 72551                               3553  342 745      71352    53797    61 53 9    74 3  8 3   5 617  575                                                                                                                   
                                                                                                                   91   43 77  4 95  1       7  35 79     63 97    43        5 3917 392    1496537           7359927   7997  183          45    19735     9  97  77     77  48 2   5 637  575                                                                                                                   
                                                                                                                   91   43 77  4 39             5757  53     57763    397     7     1263  713566453317771133254645317 75637       71  361    157367    33  7773            157 2   5 617  575                                                                                                                   
                                                                                                                   91   53 77  5 37              4 6497 79      97 97     45   3            34995317777777773249943               763     39 79     767 7975 9              13 3   5 637  575                                                                                                                   
                                                                                                                   91   53 77  5 71             78 45  14  35   177537367     3697 7                                         7651     763 54      45  91 773 4              57 2   5 611  575                                                                                                                   
                                                                                                                   91   53 77  5 979777       997 6 6     61  45  72  397 547  77   59517                             73493       162 191      35  357    3 3 384       7 7976 37  5 617  575                                                                                                                   
                                                                                                                   91   53 77  5 679965      73  9 93145     23  792      165 7391 4       7712469455522255469653177         392  467       93  42     56253 8  27     3 144 4 2   5 637  574                                                                                                                   
                                                                                                                   91   53 77  5 6   17227 753767 19316375  547 55   527  12 3 74937 36537                           735957 1593       756  7557363  47362567 197227776 3    6 2   5 437  574                                                                                                                   
                                                                                                                   91   53 77  4 9   4  77317 46 4      9751   792  927 7795         71695  7 7124999966699996537    169277        3937  55  257   15 5    3 6 54 73551  6   9 2   5 437  574                                                                                                                   
                                                                                                                   91   53 77  4 916 72        9 3      3 9        261 79515 12621         1   73244666464444531             72657  15677391        577      2 9    717 9  979 2   5 637  574                                                                                                                   
                                                                                                                   91   53777  5                                           7 3       16841  777                       3695                                                     3   5 437  575                                                                                                                   
                                                                                                                   91   52 17  33333333329333333333333333333331111111111111311111333333333331333377           223333333333333333333333333333333633333333313111111113131333333331   5 637  274                                                                                                                   
                                                                                                                   91   52 77               235         13                                                                                   7      773                            5 437  274                                                                                                                   
                                                                                                                   91   53777777777777777777777  735217777777777777777 7 7 7777777777777777777777777777777777777777777777777777777777777777777 7   777777777777 777777777777777777777617  274                                                                                                                   
                                                                                                                   91   537777777777 7 7 777777777777747777777 7 7 7 7 7 7 7 7 777777777 7   777777 7 777777 7 7777777777777777 777777777777777777 7777777 7 777 7777777 7 7 7 777777637  574                                                                                                                   
                                                                                                                   917  53  9            37                            1545317                1365             74537               71356427                          37           37 637  574                                                                                                                   
                                                                                                                   917  53 1             6699999996444446699994537                                  4277777197                                 735699999999996669999959            4 63   274                                                                                                                   
                                                                                                                   917  53 1            49 9 777327                                                    2497                                                    5    4714            591   274                                                                                                                   
                                                                                                                   917  513   7357 5 3 3375     69                            7                         6                                                      73   77577        72  81   575                                                                                                                   
                                                                                                                   9564499       37   712 3    75                           85197                       4                                                       6    2 99       71    9999966                                                                                                                   
                                                                                                                  91333367            65 9     95                    77226       23                     6                        805                             9    2 39256524   77  5111321                                                                                                                  
                                                                                                                 131313473           33737    33           7      585 477           898                 4                              591                       37   77371            7233229                                                                                                                  
                                                                                                                 31   312           715 5     25          300827                     37                 4                  78047            2427                  4    5 637           527   9                                                                                                                  
                                                                                                                 31  719            55 5     39            1     106        1970 47   97                4                397 7  59              1195              37    4 55            937  9                                                                                                                  
                                                                                                                 31  59            57113431 361                   79        790067   7033               4         78993             7361              159651       9    72734            99  9                                                                                                                  
                                                                                                                 31 437           774 5 67  45                    70941     7 7                         4           7 791               71097            777       71    2 571           719 9                                                                                                                  
                                                                                                                 37913            33 3      32                          8653                            4                 755             71  361        17         9  7134 43            1159                                                                                                                  
                                                                                                                 39 2            4 3 2     39                             877                           4                      637         3      7927   77         72  5537736            2 8                                                                                                                  
                                                                                                                 979            5 9 6      41                              7137                         4                         7367      9          19257         4     2 2 5            974                                                                                                                 
                                                                                                                339 5        73511717     64                 733073         3 81                        4                              241   4           19          72     5 417            95                                                                                                                 
                                                                                                               7317            8 2 5      31                 108007             7827                    4                                  7999                       9     73 29             35                                                                                                                
                                                                                                               975    74      5 9 9      59                   3 371              733                    4                                     9                        6     5 379            379                                                                                                               
                                                                                                              9 5   75       773717      37                        6               5                    4                                                              323    5 971            3 9                                                                                                              
                                                                                                             4 9  12         9 4 6      96                          6   1594444545906                   4                                                               4     13 55             9 5                                                                                                             
                                                                                                            3 4             6 9 9      73                           070                                 4                                                               57     5 3 6             673                                                                                                            
                                                                                                           5177            771777      95                                                               4                                                                9      5 9 533          7115                                                                                                           
                                                                                                           4 6             4 4 9      337                                                               4                                                                17     37 271 4          2 6                                                                                                           
                                                                                                          5 9             9 9 4       56                                  1356666666666537              4               7354666666664537                                  9      5 3 3  1          3 5                                                                                                          
                                                                                                         6 2             3717 1      14 6369653177777777777132569653   7                     3957       6        7591                        724995231777 7    7771354944713      3 9 9   57        9 9                                                                                                         
                                                                                                        9 3              2 5 9       94699537                 713546453777               713661   797   6    767  759517               777356994237                  7356999      37 5 4   73      7 9 9                                                                                                        
                                                                                                       57 3             9 9 5       59                            71325444237         71356621   79277476 197142   7356651           73546453317                          751      9 3777     4    3 71 2                                                                                                       
                                                                                                      31 9             3 5  53333333117171117777777777777777111117777777777777777777771717771713139917988804774913311111111777777711133333311113311117777171111111111111777777777777  6 6       555   37 5                                                                                                      
                                                                                                     33 9             7373                  7                                                    35 917  7 7 7799                              5                        7           7  6 9         37  2 75                                                                                                     
                                                                                                     9 17             5  77777                                         7 777                                                                751                                      7   71        7  779 5                                                                                                     
                                                                                                    6 75             2                   77 7                   7                             7 7777      77777           7 7   7  7 7 77777771377            7 7   7 7            77777  5        773   975                                                                                                    
                                                                                                   37                77                                                                                                                       51                                                 7         74                                                                                                   
                                                                                                   31                17         23 74375437                                                                                                 1                                                   3          74                                                                                                   
                                                                                                   37                77       76             5377                                                                                          7                                                  77           74                                                                                                   
                                                                                                    21111117171711111777777777777177777777777777771777777777777777717777777777777777777777777777777777777777777777777777777777777777777777131111717777777777777717177777777717111717171717171111111111111111                                                                                                    
                                                                                                    9                    71 7               2 5                                                                                            7                    74  6                                      11                                                                                                   
                                                                                                    36977777777777777777313377777777777776377977777777777777777777777777777777777777517777777777777777777777777777777777777777777777771557777777777777777777777777547739777777777777777775777777777777777734                                                                                                    
                                                                                                        93            33              35 76                      1                      72557             7                       157                                33  33                5            34                                                                                                      
                                                                                                          9      7493                9 75        3                        3      2               27                  71         47                                     73  17               2          9                                                                                                        
                                                                                                           4             5          3 75                              55                              1317       77           57                                         4  11               5        5                                                                                                         
                                                                                                          45555555555555555555555555998999666446444444545454444444444444444455444444444666666444445455555555552222555444444444444455554444444445555555555555555555555546694446522222222222223133333322259                                                                                                       
                                                                                                          1655555544555555554445555455955555555555555555555555555555554544444455454444555555555555454555555544445555455555554555555455555555555555554545444445555555555554644965444444445454444455455455                                                                                                        
                                                                                                           9                      77 3                                                                  13                          33                     9              11  9                       3                                                                                                         
                                                                                                           9   9666649   9444469  77 2    7777 77777777777777777777777771111717777777              771                      7   77777777777777777777777777717777771177    11  9  1666669    85444461  3                                                                                                         
                                                                                                           9   9  79       6   2  71 2    5                                     795        199331               196957        3937                                   6    17  9  17  72      75   71  3                                                                                                         
                                                                                                           9   9 71  33 53  57 2  71 5    5  97171777717171717777777777793 7391      1627 1593  779437     1265    195  3447      391 739177777777777777777777777131 6    17  9  37 9   91 27  37 71  3                                                                                                         
                                                                                                           9  5911 7579 4 9  772  11 5    2  9   2491 466666969696   67  34      193 769  9   19  7589    38957 797   6 393  247      91  55  399696666669 7939   11 6    1   9  379  3376 979   5 3  3                                                                                                         
                                                                                                           957 87  537   175  15  11 2    5  9 992   9723   7 52  43  34      92 793    47  97 53 97 91   39 31754 13  73   745 725      47  57 79      1715   89 71 4    3   9  39  1 5    5 9  753  3                                                                                                         
                                                                                                           97  5  3 9     577  5  17 2    2  9 5    7 1537  53 79   97     53 397 7307 9  15 47  9 5        75 6  34 27  6  03  367742     75 733  9   131 71   9 71 6    3   9  3   6 5     517  13  3                                                                                                         
                                                                                                           9     79 6    7773     17 2    2  9  59967    770 767 72     52 75  787 5  3  5 77   3 5          773    5  4  6  9 79  78  57    79  727339     7884  73 4    3   6     34 6    2  9      3                                                                                                         
                                                                                                           97  75 34  793 34  9   37 2    3  6 569371    77797 15     97 57 767   2  9  6 5     9 9           377    77 3  4 71   35  22 12    797 33 6     3 598  3 6    3   6   6  35   74  63 31   3                                                                                                         
                                                                                                           9   376    1    14 3   3  2    2  6 5  6 5945  8  71 7  72 79  63      3 9  1 1  8     4          77    74 2 71  3 4      27  8 79     9  3 75718 77 5 73 4    3   6   4 6       73  9 9   3                                                                                                         
                                                                                                           97  3 4   5   2  4 3   3  2   35  9 4   366  33 75    23725  67355745 3 71  5 46 22                     51754 6  4  5 16 52 15  6774    75  6  155   5  3 6    3   6   4 6 7      7  6 9   3                                                                                                         
                                                                                                           97  3 5 73       4 3   57 2    5  9 4    6  9  9  7 71 32 79    1   5 9 3  5 16 9                         9 9377  3 95        767 8  4    17 73 77   5  3 4    3   6   4 9 5         4 6   3                                                                                                         
                                                                                                           87  3 537        4 3   3  2    5  9 6  31 37 21 7772 32 75     79702  5 6  9   5                          71  73  9 6  6 74     79  9 11    9  9 79 75 71 42   17  6   4 967   77  2 6 9   3                                                                                                         
                                                                                                           8   1 9  9       4 3   17 2    5  9 6 37 9  9    9 78 79  7736437     2 9  6 1 5                          71 1 3  9 4      713377 73 33 9    5  37 975  1 6 6  17  6   4 93          6 9   3                                                                                                         
                                                                                                           9   3 6    9     4 3   77 6    5  9 66  6 73    6 27 6451    1    397 6 5  2 25 9                         9 9177  5 9 193         168  6 12    5 75 55 71 4  6 17  6   4 977         4 9   3                                                                                                         
                                                                                                           8  53 6      77  4 3   7152    5  9 9773 2    17 9     393     7191   8 7   5 59753                     57 94 2  3  8   795      697    71 4    9 72 9  1 4   337  6   4 6 3  5      6 9   3                                                                                                         
                                                                                                           87  3 6        7 6 3   75 2    5  9  11 5    9 13  797           17 16   5  3717 42 7775          1777  43 31 2  6   91              39   9 5    9  8   1 4   33   6   4 6 5 3       6 9   3                                                                                                         
                                                                                                           8   176        4 6 2   43 5    5  9 71 9    6 37797      12937551      3431  9 6     9 9          7177    71 2  3741      1667363       32 9 67   4  4 71 4    3   6   4 6 4 2       6 9   3                                                                                                         
                                                                                                           9   176        6 6 3 3 37 5   52  9 5 4    9 621      95799500459 16      67  5 17   375          172    5  2  34     7977 509649 783      95 17   9  971 4    17  6   4 6 5 2       6 9   3                                                                                                         
                                                                                                           9   3 6       77 6 3   37 2  5 3  95 4    9 33     627557473665775767247       21 9   475        3372  19 37       1913915 3445775 93 97     9737   9 731 6    17  6   4 6  3        6 6   3                                                                                                         
                                                                                                           9   3 6       1  6 3   37 2  3 3  8 77   973     5  83 6 9      373  53751     3 57 15 33 3417191 47 81 31       91 03 8 9      372  14 75     81    4 33 6    17  6   4 6  77   3   4 6   3                                                                                                         
                                                                                                           8   3 4        5 9 3   37 2 71 3   73   59    75  25   317       9 5   63776       367 75682   2953  167       67 65  775        9 2   9  79     8    5   6    37  6   4 6  77       6 9   3                                                                                                         
                                                                                                           9   3 4          9 2   37 5 3  3   5   35   79 578 19   3        6    0 7377 2   54   7502       4877   97   9 11875577 4        9   36 173 75    7   77  6    37  6   6 9           6 9   3                                                                                                         
                                                                                                           9   3 6 7        9 2   37 5    3  4    7   97 87679 97               3676 979 11   33691           19533   51 8 9 8 9                33317529 17       9  6    3   6   6 6           6 9   1                                                                                                         
                                                                                                           8   3 6  77 173  9 2   37 5    3 73       9 374176 4                  731 17522 9   747    71337     9   7973751 9 5                  775 2799  9       9 6    37  6   6 9           6 9   1                                                                                                         
                                                                                                           8   3 6       77 9 2   37 5    3 9      17 9 379 973                   477 377 9 31   27 335466539 75   73 5 2 9 977                   23 772  9 4  3   774    1  55   6 9  3        4 9   1                                                                                                         
                                                                                                           8   3 6       77 9 2   37 5    317     4  9  3 9 176                  376  277  3173   37 5 416 9 17   3775  4 9 179                  2 9 771   4 77     66    3   4   6 9  77       6 9  71                                                                                                         
                                                                                                           8   3 6       77 9 2   37 2    39     4 72727389  737927         3739179  795 7957679   77 37974 5    3 77917489  71791          37391 5  392 19 2775    19    1 3 4   6 9           6 9  53                                                                                                         
                                                                                                           9   3 6        7 9 2   37 2    31    8 51715 73521  762 3        5 245   3253  91675 2   3173 6 17   5 31 5771253   743 4        6 355  12237 74797173    8    777 5   6 9      37   6 9  41                                                                                                         
                                                                                                           9   3 6          9 2   37 2         572772 97 396 79   577       971  11 3961713 9  9 4   3713  2   173727 97 563772   117       677  97 463  9 79111 3        77  5   4 9       6   4 9   3                                                                                                         
                                                                                                           9   376        7 9 2   37 2        373767 9 6     7371 4712    7675  9 9      979 757177   6 2 4   73355 1375     674  4722    79 6 1711     6127 515 3        7  15   4 9        73 6 9 4 1                                                                                                         
                                                                                                           9   3 6        3 9 3   17 5       7771   4 4        55   77  7  27  1 9        5 7  32 5   73 37   5 9   377       4 4   3 7    3   52        279   89 9       77 35   4 9         5 6 99  3                                                                                                         
                                                                                                           9   3 6      1   9 3   3  5  5    9 8   52 2        9 52  57 7 6   34 9        9 54  79 6   4 4   6 97 76777       2 347  9    9  7674        17797  95 2       13 4   4 9           959   3                                                                                                         
                                                                                                           9   3 6      2   9 3   5  5   2  2 4  17 87          78 71 9  77 31 97           8  9 7371  79   375  8 74           42 9  9  5  6 56           21 9  773       3  4   4 9         579 9   3                                                                                                         
                                                                                                           9   3 6         29 3   3  5   77 473 6 9                6 5 973 1 3                6 6 3 9   4   67373 5               6 6  957 6 4               3 3  5 3      3  4   6 9        1  9 9   3                                                                                                         
                                                                                                           97  3 6      394 9 3   37 5     772 7777                773778  577                 5 3 917     77279 9                 6 9 15 9 9                 9 5 9 9      3  4   6 6        5  9 6   3                                                                                                         
                                                                                                           9   3 6      5   9 2   17 5     2 9 6 9                  6 2 7 6 9                  2 4 5 6 3   2 97211                 7717  7377                 714 715     71  6   6 9      3  6 9 6   3                                                                                                         
                                                                                                           9   3 333333433332 3   17 5     9 5 4 577777777777777777 9 6   5 477777777777777777717373 6     9 35 577777777777777777 75 3  7771777777777777777777373 41     71  6   4 2223225222253 6   3                                                                                                         
                                                                                                           8    777777777777773   3  5     9 3 3     7777777  7      79   27 7 7           777   77772     53 9    777                5  377   7  777777 7  7  7 2 9 3    71  6   77777771177777777   1                                                                                                         
                                                                                                           9 57               37333 74     6                          7777 7                         3     2                            7                            5    71  6        357            1                                                                                                         
                                                                                                            57 7 77777711777777   71 3                                                                      1                                                       1     2  7677777777777777777 7  79                                                                                                          
                                                                                                             6          3          9  5   3                7                                 31                              357         75          213337    5          5  17                    16                                                                                                           
                                                                                                              9          3          5  9       7 7 17     1                                      7 1                                12              7                    5   4                    6                                                                                                             
                                                                                                               4                     5 71   77777     7                                                                                                         7777777 3   4                    3                                                                                                              
                                                                                                            4                        77 9     151  7527                                                                                                  4              4  7                        9                                                                                                           
                                                                                                            53333333333222555555555528492255555555445555555444445555555555555555555555554555555464555555555555555555555555555555555555555555555555555555555555555555552239445222222252555555555555559                                                                                                           
                                                                                                             4             2        4 77                5                                      3                                                             3           77  6                     3                                                                                                            
                                                                                                             3        5231          9  4    17         77                                                                                                   3            5   2                     75                                                                                                           
                                                                                                           53   725                 3  11711177777773115777777777777777777777777777777777777777777777777777777777777777777777777777777777777777777777777777113171711111157  3                       56                                                                                                          
                                                                                                         91            7             17 79      7                   13 73                                                         3                          4        76   37                         25                                                                                                        
                                                                                                       93              7 7             4  127135555553                                                                               7                          7    72   6                             52                                                                                                      
                                                                                                     3666666699999999999966999999999999989571 77777 7772777331111111111111111711111111111111333311111111111111111111111111111333117772111111111111111111111171711777735968999966666664669966699999999996669                                                                                                     
                                                                                                     3    5              3              43177        75      5                            1157                               7        11                            73   2   7      35                7   3                                                                                                     
                                                                                                     3  9                 1             4  77    3                                      7                                               39667                        3 333      77                       43                                                                                                     
                                                                                                     37                   352722        4  77                73                       73                            7233                     5      2               731 73     11                     751 2                                                                                                     
                                                                                                     97                 4        755    4  77                   3                 137                                     3  5555       35437       7717             37  3                           55 742                                                                                                     
                                                                                                     9                3                 57717              7 777776777777777777 73      7 7 777777777777777777777777777777 7 7  7 777777777  559463     73 77777777773   2                                3                                                                                                     
                                                                                                     93333111111113333232333333333333333693                                                                                                                            545111111111111111711111113533333335                                                                                                     
                                                                                                                                                                                                                                                                                                                                                                                                                
                                                                                                                                                                                                                                                                                                                                                                                                                
                                                                                                                                                                                                                                                                                                                                                                                                                
                                                                                                                                                                                                                                                                                                                                                                                                                
                                                                                                                                                                                                                                                                                                                                                                                                                
                                                                                                                                                                                                                                                                                                                                                                                                                
                                                                                                                                                                                                                                                                                                                                                                                                                
                                                                                                                                                                                                                                                                                                                                                                                                                
                                                                                                                                                                                                                                                                                                                                                                                                                
                                                                                                                                                                                                                                                                                                                                                                                                                
                                                                                                                                                                                                                                                                                                                                                                                                                
                                                                                                                                                                                                                                                                                                                                                                                                                
                                                                                                                                                                                                                                                                                                                                                                                                                
