                                                                                                                                                                                                                                                                                                                                                                                                                
                                                                                                                                                                                                                                                                                                                                                                                                                
                                                                                                                                                                                                                                                                                                                                                                                                                
                                                                                                                                                                                                                                                                                                                                                                                                                
                                                                                                                                                                                                                                                                                                                                                                                                                
                                                                                                                                                                                                                                                                                                                                                                                                                
                                                                                                                                                                                                                                                                                                                                                                                                                
                                                                                                                                                                                                                                                                                                                                                                                                                
                                                                                                                                                                                                                                                                                                                                                                                                                
                                                                                                                                                                                                                                                                                                                                                                                                                
                                                                                                                                                                                                                                                                                                                                                                                                                
                                                                                                                                                                                                                                                                                                                                                                                                                
                                                                                                                                                                                                                                                                                                                                                                                                                
                                                                                                                                                                                                                                                                                                                                                                                                                
                                                                                                                                                                                                                                                                                                                                                                                                                
                                                                                                                                                                                                                                                                                                                                                                                                                
                                                                                                                                                                                                                                                                                                                                                                                                                
                                                                                                                                                                                                                                                                                                                                                                                                                
                                                                                                                                                                                                                                                                                                                                                                                                                
                                                                                                                                                                                                                                                                                                                                                                                                                
                                                                                                                                                                                                                                                                                                                                                                                                                
                                                                                                                                                                                                                                                                                                                                                                                                                
                                                                                                                                                                                                                                                                                                                                                                                                                
                                                                                                                                                                                                                                                                                                                                                                                                                
                                                                                                                                                                                                                                                                                                                                                                                                                
                                                                                                                                                                                            2555555225                                                                                                                                                                                                          
                                                                                                                                                                                       2555555555555555552                                                                                                                                                                                                      
                                                                                                                                                                                    255555258          555550                                                                                                                                                                                                   
                                                                                                                                                                                  5525559                45552                                                                                                                                                                                                  
                                                                                                                                                                               452522                      9555                                                                                                                                                                                                 
                                                                                                                                                                              25252                          555                                                                                                                                                                                                
                                                                                                                                                                            222228                           955                                                                                                                                                                                                
                                                                                                                                                                           52252                25            95                                                                                                                                                                                                
                                                                                                                                                                          22225                28             55                                                                                                                                                                                                
                                                                                                                                                                         52223                52             5522                                                                                                                                                                                               
                                                                                                                                                                        92225                 920            922                                                                                                                                                                                                
                                                                                                                                                                        2222                   224           5                                                                                                                                                                                                  
                                                                                                                                                                       32222                    5225    22259                                                                                                                                                                                                   
                                                                                                                                                                       22229                      09  42225                                                                                                                                                                                                     
                                                                                                                                                                      22222                                                                                                                                                                                                                                     
                                                                                                                                                                      22222                                                                                                                                                                                                                                     
                                                                                                                                                                      22222                                                                                                                                                                                                                                     
                                                                                                                                                                      22222                                                                                                                                                                                                                                     
                                                                                                                                                                      22222                                                                                                                                                                                                                                     
                                                                                                                                                                      22222                                                                                                                                                                                                                                     
                                                                                                                                                                      22222                                                                                                                                                                                                                                     
                                                                                            5222222                                                                   32222                                                                                                                                                                                                                                     
                                                                                        2222222222222222                                                              322226                                                                                                                                                                                                                                    
                                                                                      222222222222222222222                                                           222222                                                                                                                                                                                                                                    
                                                                                     222225          82222222                                                          22222                                                                                                                                                                                                                                    
                                                                                    22220               422222                                                         222226                                                                                                                                                                                                                                   
                                                                                   2222                   622222                                                       222222                                                                                                                                                                                                                                   
                                                                                   2222                     22222                                                       22222                                                                                                                                                                                                                                   
                                                                                   3222                      22225                                                      22222                                                                                                                                                                                                                                   
                                                                                    2222                      2222                                                      222223                                                                                         2222                                                                                                                                     
                                                                                     2222232222               32222                                                     022222                                                                                         222222                                                                                                                                   
                                    62252222222222222234                               2222224                 2222                                                      322223                                                                                        2222222                                                                                                                                  
                               55222222222222222222222222222258                                                3222                                                      222222                                                                                        622222229                222223                                                                                                          
                              3222222222222222222222222222222222223                                            2222    032222222232                                      222223                                                                                         222222222            22222222                                                                                                           
                                935222222222222222222222222222222222228                                        222222222222222222222223                                  6222226                                                                                        2222222222        2222222222                                                                                                            
                                      022222222222222222222222222222222220                                     322222222222222222222222222                                222222                                                                                        022222222225   222222222222                                                                                                             
                                          6525252222222222222222222222222223                                  0222222223          3222222222                              222222                                                                                         2222222222222222222222223                                                                                                              
                                             222252525252222222222222222222222                               0222222                 9222222228                           222223                                                                                         222222222222222222222229                                                                                                               
                                                522222222522522222222222222222224                            222229                     22222222                          222222                                                                                         2222222222222222222222                                                                                                                 
                                                  25252522522252222222222222222222                          222229                       32222222                         222223                                                                                     9222222222222222222222223                                                                                                                  
                                                    22525225222252522222222222222222                       822222                          2222223                        222223                                                                                82222222222222222222222222223                                                                                                                   
                                                      22252252522222522522222222222224                     32222                            2222222                       222222                                                                           6222222222222222222222222222222222                                                                                                                   
                                                       25252222525222222222222222222222                    22222                             2222229                      222222                                                                         22222222222222222222222222222222222222                                                                                                                 
                                                         5255522525252525252222222222222                   62222                              222222                      222222                                                                         8222222222222222222222222222222222222229                                                                                                               
                                                          52252525252522222252222222222229                  22223                             222222                     322222                                                                                  6222222222222222222232232323222225                                                                                                             
                                                           2525252525252525225252222222222                  22222                              222225                    222222                                                                                           32323232322222222223232323                                                                                                            
                                                            55252525252525252222222222222228                 22222                             222223                   222222                                                                                             222222223232232323223223232                                                                                                          
                                                             5555525252525225252525252222222                  222222                           222223                  5222220                                      23322222229                                            2232323222      6332323232323                                                                                                        
                                                              2525525552525252525222222222225                   2222225                        222223                 6222226                                  32222222222222222232                                        222223232            83323333                                                                                                        
                                                               5525525252525252525252525252222                    22222222222                  222226                5222229                               622222222222222222222222223                                     033323233                                                                                                                            
                                                               5555555555552525252525222222222                        222222                   22222                222222                               22222222222260  623222222222222                                    2232322                                                                                                                             
                                                                5552552525255525252525252525222                                               922222              2222222                             9222222228                2222222225                                  332323                                                                                                                              
                                                                5555555555525255525252525222522                                               222223            2222222                              2222222                       32222222                                 32332                                                                                                                               
                                                                 5555555555555525525252525522522                                             922222           2222222                             32222225                           2232223                                23233                                                                                                                               
                                                                 5555555555552555555525252525222                                             222225            230                              2222223                               22232229                              5333                                                                                                                                
                                                                 5555555555555552525555525252525                                            222222                                           22222222                                  3222222                                                                                                                                                                  
                                                                 25555555555555555552525555252528                                           22222                                22236653222222222                                      3223226                                                                                                                                                                 
                                                                 95555555555555555555552525552525                                          22222         622222222222222         32222222222223                                          222322                                                                                                                                                                 
                                                                 95555555555555555555555555252525                                         222229      222222222222222222222           9629                                               232223                                                                                                                                                                 
                                                                 95555555555555555555555555555554                                        22222     822222222222222222222222225                                                           322322                                                                                                                                                                 
                                                                 95555555555555555555555555552529                                       22222     222222226           2222222226                                                         222223                                                                                                                                                                 
                                                                 2555555555555555555555555525555                                       22222    22222222                 22222222                                                        232323                                  323                                                                                                                            
                                                                 5555555555555555555555555555555                                     422229   22222224                     2222222                                                       222223                          33333333333332323                                                                                                                      
                                                                 5555555555555555555555555555552                                   822222  822222224                        2222222                                                     323232                        33333333   2236333332                                                                                                                     
                                                                45555555555555555555555555555552                                  222222222222222                            2222222                                                   6222222                       2333              33333338                                                                                                                 
                                                                5555555555555555555555555555555                                 522222222222222                               6222225                                                  222322                      3333                    23336                                                                                                                
                                                               85555555555555555555555555555555                                  2222222222                                    222222                                                5222222                      6333                      2334                                                                                                                
                                                               5555555555555555555555555555555                                                                                  222223                                              3222233                       836                          333                                                                                                              
                                                              55555555555555555555555555555555                                                                                  622222                                            3222222                        3332                           333                                                                                                             
                                                             95555555555555555555555555555555                                                                                    22222                                          22222223                         3333                           3333                                                                                                            
                                                             5555555555555555555555555555555                                                                                     22222                                        22222223                            33                             43                                                                                                             
                                                            5555555555555555555555555555555                                                                                      42222                                     322222222                             6233                             333                                                                                                           
                                                           55555555555555555555555555555554                                                                                      622226                                  22222222                                 3332               3           93333                                                                                                          
                                                         55555555555555555555555555555555                      2555555529                                                         22225                               322222228                                    333              93            3333                                                                                                          
                                                        55555555555555555555555555555555                       55555555555552                                                     22222                             2222222                                          3333          333             33                                                                                                           
                                                      855555555555555555555555555555555                         55559    25555525                                                 22222                           2222225                                            53333        3333            333                                                                                                           
                                                     555555555555555555555555555555550                           5555        255555                                               22229                         322222                                                 33  233333                63333                                                                                                          
                                                   555555555555555555555555555555555                              5555          55555                                             2222                         22222                                                         235                  333                                                                                                           
                                                 555555555555555555555555555555555                                25555           25522                                           2222                        22222                                                                               39                                                                                                            
                                              5555555555555555555555555555555555                                   5555             55554                                         2222                       52222                                                                              3332                                                                                                            
                                            5555555555555555555555555555555555                                     25552             85552                                       92222                       2222             29                                                               63333                                                                                                            
                                        55555555555555555555555555555555555                                        05555               5555                                      22222                       2226             222                                                              336                                                                                                              
                                    5555555555555555555555555555555555554                                           5555                5552                                     22222                       2228              2222                                                         3335                                                                                                                
                               555555555555555555555555555555555555559                                              5555                05559                                    22228                      02223               222                                                        3333                                                                                                                 
                              555555555555555555555555555555555558                                                 55555                 2555                                    2525                        4225               222                                                    9  3335                                                                                                                  
                                 655555555555555555555555555                     9                                 55555                  5552                                   2222                          225             2222                                           3335   33336                                                                                                                      
                                          0999999                              555                                 55555                  5555                                   2522                          22223          222              52223                         33333   3336                                                                                                                       
                                                                              5555                                555555                   5555                                  2252                            222223   5222220          2222 935 32222                    33333                                                                                                                              
                                                                             9555                                055555                    5555                                  52258                              422242224              222       3222                    33333                                                                                                                              
                                                                             5555                                555550                    5555                                  52522                                                  322             5225                233332                                                                                                                              
                                                                             5555                               555555                     2555                                   5252                                                  222             2222                333333                                                                                                                              
                                                                             55550                            4555555                      25555                                  52525                                                     026          322                323333                                                                                                                              
                                                                              5555                           5555555                       25555                                  95252                                                    32225                            332322                                                                                                                              
                                                                              05555                        45555555                        5555                                    552559                                               222              222               3323336                                                                                                                              
                                                                                55555                    55555555                          5555                                     452525                                              226             2222               2332326                                                                                                                              
                                                                                 555555               9555555555                           5555                                       525252                                            02              522               02323336                                                                                                                              
                                                                                   55555555559  55555555555554                             5555                                        455255528                                         2224         222                 32323236                                                                                                                              
                                                                                     5555555555555555555555                               95555                                           2525252525252522525                             222222  2222222                 23232326                                                                                                                              
                                                                                        9555555555555559                                  55555                                               555555525252258                               8222  2225                   222223236                                                                                                                              
                                                                                               0                                          5555                                                                        2225                                               323232222                                                                                                                              
                                                                                                                                         45559                                                                        2222222                                           2222223233                                                                                                                              
                                                                                                                                         5555                                                                         8525222222                                        2222222223                                                                                                                              
                                                                                                                                        05555                                                                           825252222229                                   22222232323                                                                                                                              
                                                                                                                                        5555                    55555555554                                                225252222222                               222222222223                                                                                                                              
                                                                                                                                        5555                    4555555555555555                                             52252522222222                          222222  22222                                               33   333333  933                                                               
                                                                                                                                       5555                          2555555555555550                                          5222522222222222                    2222222   22222                                             333333 333333  3333 3333                                                         
                                                                                                                                      05555                             555555555555555                                          2522525222222222222             22222222    622222                                       3339  333                33333                                                        
                                                                                                                                      55559                                5555555555555559                                        822222522222222222222222222222222222       22222                                      33333                      6364333                                                     
                                                                                                                                     45555                                   5555555555555555                                         5222222225222222222222222222222         322222                                     323                            3333                                                    
                                                                                    55                                               55559                                     5555559255555555                                        452525222   822222222222225             222226                               3333                                9333                                                    
                                                                                   5555                                             45555                                       5555559  55555555                                        822222228                             6222229             23               3339                                    3                                                   
                                                                                   555559                                           55558                                         555555   55555552                                        925252220                            2222229             32   90    3332                                         3339                                                
                                                                                   5555558                                         55555                                           555555    55555558                                         5225222                            2222222                3232   325                                          3333                                                
                                                                                   55555559                   555                  55555                                            555555     5555555                                         22252222                           92222222                                                                    4                                                 
                                                                                   955555558               555555                 55555                                              555555     25555558              856                        52525228                           222222222                                                                 3335                                              
                                                                                    55555555            45555555                  55555                                               855555      5555552           5555555                        2525225                            22222222223                                                             3333                                              
                                                                                    555555555         555555555                  55555                                                 555559      5555555          5555555                         5225222                             922222222222239                                                        39                                               
                                                                                    5555555555    855555555555                   55555                                                  55555       2555555         9555554                          92525228                               32222222222222223                                                  58                                               
                                                                                    5555555555555555555555558                   055559                                                   55555       9555555                                           252525                                   5222222222222222223236                                        3333                                              
                                                                 5555598            555555555555555555555550                    55555                                5555                55555        5555555                                           525225                            6623222222222222222222232232323233332333                             38                                               
                                                                555555555555555555555555555555555555555555                      55555                              0555555                55555        5555555                                           555252                     22222222222222222222222222222222223232322332332                                                                             
                                                                  555555555555555555555555555555555555555                       55555                              9555555                55555         5555550                                           255525               922222222222222222222222222222222222222232223232332                            333                                               
                                                                     45555555555555555555555555555555555                       555559                               45555                 955559         555555                                            555529            5222222222226                                                                   0339                                               
                                                                         5555555555555555555555555555555                       55555                                                       55555         9555555                                           555552         82222222250                                                                                                                           
                                                                            5555555555555555555555555555555                    55555                                                       55555          555555                                            55555        525252520                                                                          6                                                   
                                                                              555555555555555555555555555555555                55555                                                       55555          8555555                                           55555      52525222                                                                            3333                                                 
                                                                               55555555555555555555555555555555555             55555                                                       95555           555555                                           555555    5555255                                                                              233                                                  
                                                                              555555555555555555555555555555555555555          55555                                                       455559          5555559                                           55552   2555555                                                                                                                                    
                                                                             555555555555555555555555555555555555555555        55555                                                       555550           555555                                           55555  8555550                                                                           3333                                                      
                                                                           45555555555555555555555555555555555555555555        55555                                                       955556           555555                                           55555 4555559                                                  2                         3333                                                      
                                                                          55555555555555555555555555                           55555                                                       95555            555555                                           555555555550                                                   2229                 333                                                            
                                                                         5555555555555  555555555555                           55555                                                       55555            555555                                           55555555555                                                        2222       236 22323                                                            
                                                                        55555555559      05555555555                           55555                                                       55555            5555555                                          5555555555                                                          822 222  22229                                                                 
                                                                       55555555            555555555                           55555                                                       55555            5555555          555                             555555555                                                                                                                                          
                                                                      555555               555555555                           555559                                                      5555             5555555        5555555                           555555554                                                                                                                                          
                                                                      555                   55555555                           855555                                                     55555             555555         5555555                           55555555                                                                                                                                           
                                                                                             5555555                            55555                                                     55555             555555          55555                            5555555                                                                                                                                            
                                                                                              555555                            555555                    55555555                       55555              555555                                          55555555                                                                                                                                            
                                                                                              055555                             555558                        55555                     55555             8555555                                          5555555                                                                                                                                             
                                                                                               85555                             955555                         85555                   55555              5555555                                          5555555                                                                                                                                             
                                                                                                855                               555555                         5555                  555550              5555559                                          555555                                                                                                                                              
                                                                                                                                   555555                        9555                 555555              5555555                                          555555                                                                                                                                               
                                                                                                                                    555555                       5555                955555               5555559                                          555555                                                                                                                                               
                                                                                                                                     5555555                     5555               655555               5555555                                           555550                                                                                                                                               
                                                                                                                                       5555555                  55558              455555                5555555                                           55555                                                                                                                                                
                                                                                                                                        455555555             555556              555555                5555555                        558555555           5555                                                                                                                                                 
                                                                                                                                          855555555555555555555555               555555                5555555                       5555   5555555        5559                                                                                                                                                 
                                                                                                                                             5555555555555555555                555554                55555559                      5555       85555                                                                                                                                                            
                                                                                                                                                  5555555559                  555555                 5555555                       55            5555                                                                                                                                                           
                                                                                                                                                                            8555555                 55555550                       95           5555       55                                                                                                                                                   
                                                                                                                                                                           555555                  55555556                       5556     88  555         55                                                                                                                                                   
                                                                                                                                                                         5555555                  5555555                         5555     555555         55                                                                                                                                                    
                                                                                                                                                                       5555558                  555555550                          85                    5555                                                                                                                                                   
                                                                                                                                                                    55555555                   55555555                             5555                 55                                                                                                                                                     
                                                                                                                                                                 555555558                   555555555                              55555             55559                                                                                                                                                     
                                                                                                                                                              855555555                     55555555                                  6555  55   555 55556                                                                                                                                                      
                                                                                                                                                           5555555559                    455555555                                      5555555955555                                                                                                                                                           
                                                                                                                                                      55555555555                      5555555556                                           456 555                                                                                                                                                             
                                                                                                                                               555555555555559                      55555555554                                        5                                                                                                                                                                        
                                                                                                                        555555555555555555555555555555555                        65555555555                                                                                                                                                                                                                    
                                                                                                                         55555555555555555555555555                          8555555555555                                                                                                                                                                                                                      
                                                                                                                            55555555555554                               55555555555555                                                 5                                                                                                                                                                       
                                                                                                                               555555555555555                    055555555555555555                                   555              656                                                                                                                                                                     
                                                                                                                                   555555555555555555555555555555555555555555555                                     5558               4558                                                                                                                                                                    
                                                                                                                                       055555555555555555555555555555555555                                         55                    54                                                                                                                                                                    
                                                                                                                                               955555555555555555559                                               55                    958                                                                                                                                                                    
                                                                                                                                                                                                                   55                    5559                                                                                                                                                                   
                                                                                                                                                                                                                                          9                                                                                                                                                                     
                                                                                                                                                                                                                   55                    45                                                                                                                                                                     
                                                                                                                                                                                                                   555                  5545                                                                                                                                                                    
                                                                                                                                                                                                                     554                455                                                                                                                                                                     
                                                                                                                                                                                                                     5455           54549                                                                                                                                                                       
                                                                                                                                                                                                                         5454 9446 94444                                                                                                                                                                        
                                                                                                                                                                                                                          455645449                                                                                                                                                                             
                                                                                                                                                                                                                                                                                                                                                                                                                
                                                                                                                                                                                                                                                                                                                                                                                                                
                                                                                                                                                                                                                                                                                                                                                                                                                
                                                                                                                                                                                                                                                                                                                                                                                                                
                                                                                                                                                                                                                                                                                                                                                                                                                
                                                                                                                                                                                                                                                                                                                                                                                                                
                                                                                                                                                                                                                                                                                                                                                                                                                
                                                                                                                                                                                                                                                                                                                                                                                                                
                                                                                                                                                                                                                                                                                                                                                                                                                
                                                                                                                                                                                                                                                                                                                                                                                                                
                                                                                                                                                                                                                                                                                                                                                                                                                
                                                                                                                                                                                                                                                                                                                                                                                                                
                                                                                                                                                                                                                                                                                                                                                                                                                
                                                                                                                                                                                                                                                                                                                                                                                                                
                                                                                                                                                                                                                                                                                                                                                                                                                
                                                                                                                                                                                                                                                                                                                                                                                                                
                                                                                                                                                                                                                                                                                                                                                                                                                
                                                                                                                                                                                                                                                                                                                                                                                                                
                                                                                                                                                                                                                                                                                                                                                                                                                
                                                                                                                                                                                                                                                                                                                                                                                                                
                                                                                                                                                                                                                                                                                                                                                                                                                
                                                                                                                                                                                                                                                                                                                                                                                                                
