                                                                                                                                                                                                                                                                                                                                                                                                                
                                                                                                                                                                                                                                                                                                                                                                                                                
                                                                                                                                                                                                                                                                                                                                                                                                                
                                                                                                                                                                                                                                                                                                                                                                                                                
                                                                                                                                                                                                                                                                                                                                                                                                                
                                                                                                                                                                                                                                                                                                                                                                                                                
                                                                                                                                                                                                                                                                                                                                                                                                                
                                                                                                                                                                                                                                                                                                                                                                                                                
                                                                                                                                                                                                                                                                                                                                                                                                                
                                                                                                                                                                                                                                                                                                                                                                                                                
                                                                                                                                                                                                                                                                                                                                                                                                                
                                                                                                                                                                                                                                                                                                                                                                                                                
                                                                                                                                                                                                                                                                                                                                                                                                                
                                                                                                                                                                                                                                                                                                                                                                                                                
                                                                                                                                                                                                                                                                                                                                                                                                                
                                                                                                                                                                                                                                                                                                                                                                                                                
                                                                                                                                                                                                                                                                                                                                                                                                                
                                                                                                                                                                                                                                                                                                                                                                                                                
                                                                                                                                                                                                                                                                                                                                                                                                                
                                                                                                                                                                                                                                                                                                                                                                                                                
                                                                                                                                                                                                                                                                                                                                                                                                                
                                                                                                                                                                                                                                                                                                                                                                                                                
                                                                                                                                                                                                                                                                                                                                                                                                                
                                                                                                                                                                                                                                                                                                                                                                                                                
                                                                                                                                                                                                                                                                                                                                                                                                                
                                                                                                                                                                                          52255555550                                                                                                                                                                                                           
                                                                                                                                                                                      5555555555555555555                                                                                                                                                                                                       
                                                                                                                                                                                   955555          052555552                                                                                                                                                                                                    
                                                                                                                                                                                  45558                 5555558                                                                                                                                                                                                 
                                                                                                                                                                                 555                       252555                                                                                                                                                                                               
                                                                                                                                                                                555                          52222                                                                                                                                                                                              
                                                                                                                                                                                555                            52525                                                                                                                                                                                            
                                                                                                                                                                                55            25                52225                                                                                                                                                                                           
                                                                                                                                                                                55             52                22222                                                                                                                                                                                          
                                                                                                                                                                               5252             22                22222                                                                                                                                                                                         
                                                                                                                                                                                225            620                 22220                                                                                                                                                                                        
                                                                                                                                                                                  5           222                   22229                                                                                                                                                                                       
                                                                                                                                                                                   42222    2225                    52222                                                                                                                                                                                       
                                                                                                                                                                                     52222  8                       52222                                                                                                                                                                                       
                                                                                                                                                                                                                    822223                                                                                                                                                                                      
                                                                                                                                                                                                                     22222                                                                                                                                                                                      
                                                                                                                                                                                                                     22222                                                                                                                                                                                      
                                                                                                                                                                                                                     22222                                                                                                                                                                                      
                                                                                                                                                                                                                     22222                                                                                                                                                                                      
                                                                                                                                                                                                                     22222                                                                                                                                                                                      
                                                                                                                                                                                                                     22222                                                                                                                                                                                      
                                                                                                                                                                                                                    922222                                                                   3222222                                                                                                            
                                                                                                                                                                                                                    222222                                                              2222222222222225                                                                                                        
                                                                                                                                                                                                                    222223                                                           222222222222222222222                                                                                                      
                                                                                                                                                                                                                   922222                                                          22222226          522222                                                                                                     
                                                                                                                                                                                                                   222222                                                        8222222               62222                                                                                                    
                                                                                                                                                                                                                   222223                                                       222220                   2223                                                                                                   
                                                                                                                                                                                                                   222229                                                      22222                     2222                                                                                                   
                                                                                                                                                                                                                  622222                                                      92222                      2222                                                                                                   
                                                                                                                     2222                                                                                         222223                                                      2222                      22220                                                                                                   
                                                                                                                   322222                                                                                         22222                                                      62222               2225322222                                                                                                     
                                                                                                                  2222223                                                                                        222222                                                      2222                 9222223                               53222222222222222239                                                    
                                                                                          222222                 22222220                                                                                        222222                                                      2222                                                02222222222222222222222222222259                                               
                                                                                           22222225            322222222                                                                                         222223                                      23222222223     2223                                            2222222222222222222222222222222222222                                              
                                                                                            2222222222        2222222222                                                                                        0222220                                  322222222222222222222223                                        022222222222222222222222222222222222520                                                
                                                                                             222222222222   22222222222                                                                                         322222                                222222222222222222222222222                                     822222222222222222222222222222222228                                                      
                                                                                              5222222222222222222222222                                                                                         222222                             92222222223          322222222                                   2222222222222222222222222225252559                                                          
                                                                                               422222222222222222222223                                                                                         222223                            222222225                 222222                                222222222222222222222252525222225                                                             
                                                                                                 2222222222222222222222                                                                                         222222                          32222222                      22222                            822222222222222222222225222222525                                                                
                                                                                                  2222222222222222222222226                                                                                     222223                         22222225                        22222                          22222222222222222225252225252525                                                                  
                                                                                                   22222222222222222222222222220                                                                                222222                        2222222                          32222                        22222222222222225252222252522252                                                                    
                                                                                                  02222222222222222222222222222222225                                                                           222222                       3222222                            22222                     22222222222222222222252522522522                                                                      
                                                                                                 22222222222222222222222222222222222222                                                                         222223                      5222222                             22223                    22222222222222252525222225252524                                                                       
                                                                                               5222222222222222222222222222222222222225                                                                         622222                      322222                              22220                   2222222222225252222225255252525                                                                         
                                                                                             9222232322223222222222222222222329                                                                                  222222                     222222                             22222                   2222222222222222525525252525252                                                                          
                                                                                            22323222232322232323232323                                                                                           322222                    2222226                             22224                  2222222222525252522252525252525                                                                           
                                                                                          323232232322232322222222223                                                                                             222223                   222222                             22222                  2222222222222522525252525252555                                                                            
                                                                                        3323232323236      2323232236                                            93322222235                                      6222223                  222222                           322222                  2222225252525225225252525255525                                                                             
                                                                                        33333320            232223226                                        32222222222222222232                                  2222222                 222222                        5222222                   2222222222225252525252552552552                                                                              
                                                                                                            32332323                                      222222222222222222222222228                               5222223                222222                  22222222223                    52225252525252525255525255255558                                                                              
                                                                                                             2232322                                    222222222222326  96222222222222                              9222222                22222                   322222                        2252222225252525252525555555252                                                                               
                                                                                                              232332                                  2222222223                 222222224                             3222223              222225                                               2222525252525252552555552555552                                                                                
                                                                                                              933233                                 22222323                       22222229                             2222222            222222                                               2525225252525255255252555555559                                                                                
                                                                                                               53233                                23232229                          22222222                             2222222           22222                                              2222252525252552552555555555555                                                                                 
                                                                                                                3323                               2222223                               2222223                              932            922222                                             5525252525255255555555555555555                                                                                 
                                                                                                                                                  2232233                                  32222225                                           222225                                            2525255255555552555555555555552                                                                                 
                                                                                                                                                  222222                                      22222222235663222                                22222                                           42525252525252555555555555555555                                                                                 
                                                                                                                                                 232322                                          22222222222223         222222222222225         22222                                          2252555555555555555555555555555                                                                                  
                                                                                                                                                 222222                                               6269           222222222222222222222       22222                                         2525252525555555555555555555555                                                                                  
                                                                                                                                                 232323                                                           22222222222222222222222222      22222                                        2555555555555555555555555555555                                                                                  
                                                                                                                                                 322223                                                         0222222222           8222222228    22222                                       5525555555555555555555555555555                                                                                  
                                                                                                            322                                  232323                                                        22222222                 32222222    22222                                      95552555555555555555555555555555                                                                                 
                                                                                                      52333333333333332                          322222                                                       2222222                     22222222   422222                                     5555555555555555555555555555555                                                                                 
                                                                                                     3333335325   33333333                        323223                                                     2222222                        22222222   22222                                    5555555555555555555555555555555                                                                                 
                                                                                                 62333333              3333                       2222320                                                   2222224                            222222222222225                                  55555555555555555555555555555558                                                                                
                                                                                                23333                    2333                      2322229                                                 3222222                               222222222222229                                 5555555555555555555555555555555                                                                                
                                                                                                3333                      3332                      2222223                                                222222                                   85222222222                                  2555555555555555555555555555555                                                                                
                                                                                              635                          036                       3232222                                              222222                                                                                  5555555555555555555555555555555                                                                               
                                                                                             333                           3333                       92222222                                            222222                                                                                  95555555555555555555555555555555                                                                              
                                                                                            2333                           3333                         32222222                                          22222                                                                                    55555555555555555555555555555555                                                                             
                                                                                             35                             23                            32222222                                       622222                                                                                     55555555555555555555555555555558                                                                            
                                                                                           533                             333                              422222222                                    922222                                                                                      55555555555555555555555555555558                                                                           
                                                                                          33335           2               6333                                 22222222                                  222225                                                                                      855555555555555555555555555555550                                                                          
                                                                                          63330          93               333                                    622222222                               222229                                                        6555555552                      55555555555555555555555555555554                                                                         
                                                                                           63            6333          3333                                          2222223                             22222                                                     25555555555555                       55555555555555555555555555555555                                                                        
                                                                                           333            3333        33333                                            9222225                           222229                                                22555552    55555                         55555555555555555555555555555555                                                                       
                                                                                          33333                333336  32                                                 222222                         52222                                               555552       95555                           955555555555555555555555555555555                                                                     
                                                                                           333                  633                                                        822222                        922229                                            25555          55550                             555555555555555555555555555555555                                                                   
                                                                                             3                                                                               22222                        22229                                          55552           55555                                555555555555555555555555555555555                                                                 
                                                                                            6333                                                                              22223                       22229                                        85555             5555                                   5555555555555555555555555555555554                                                              
                                                                                            3333                                                                65             2222                       22225                                       55554             55555                                     5555555555555555555555555555555555                                                            
                                                                                              833                                                              222              222                       22222                                      55550              55559                                       855555555555555555555555555555555555                                                        
                                                                                                3333                                                         3222               222                       52222                                     5555                55559                                          9555555555555555555555555555555555555                                                    
                                                                                                 3333                                                        222               5222                       42222                                    55559                55559                                             855555555555555555555555555555555555556                                               
                                                                                                  2333  0                                                    222               6222                        2522                                    5552                955555                                                 955555555555555555555555555555555555                                              
                                                                                                       3333   3333                                           3223             2228                         2222                                   5555                  55555                                 9                     555555555555555555555555559                                                 
                                                                                                       8333   33333                         32223              222          22222                          5252                                   5552                  55555                                 555                              999999                                                           
                                                                                                              33333                    22222 236 2223          6222252   222222                            2225                                  2555                   555555                                9555                                                                                              
                                                                                                              33333                    2223       222              922222226                              42522                                  5555                    555559                                555                                                                                              
                                                                                                              333333                9223             225                                                  25255                                  5555                    955555                                5555                                                                                             
                                                                                                              333333                2222             229                                                  52520                                  5555                     555555                               5555                                                                                             
                                                                                                              233233                322          92                                                      22525                                  95555                      5555558                             5555                                                                                             
                                                                                                              333323                            92223                                                    52555                                  95555                       5555555                           5555                                                                                              
                                                                                                              2323322               322              224                                               052529                                    5559                        45555558                        5555                                                                                               
                                                                                                              2332332               2222             222                                              252558                                     5552                          55555555                    555558                                                                                               
                                                                                                              2333232                222              2                                             252552                                       5555                           4555555554               555555                                                                                                 
                                                                                                              23232233                 525         2222                                         925252558                                        5555                             555555555555540 955555555558                                                                                                  
                                                                                                              22323233                 3222223  222222                             5252525255252555555                                           5555                                5555555555555555555555                                                                                                     
                                                                                                              232322226                   2222  222                                952525252555255                                               45555                                  8555555555555558                                                                                                        
                                                                                                              322232322                                               2224                                                                        5555                                          8                                                                                                               
                                                                                                              3323222223                                          85222225                                                                        55558                                                                                                                                                         
                                                                                                              2222322222                                        522225252                                                                          5555                                                                                                                                                         
                                                                                                              22322222222                                    22222252259                                                                           55559                                                                                                                                                        
                                                                                                              222222222222                              8222222252225                                                55555555555                   95555                                                                                                                                                        
                                               335  333335   33                                               22222  222222                          22222222522255                                             5555555555555558                    55558                                                                                                                                                       
                                         5333 3333  333336 633333                                            622222   2222222                    2222222222522522                                          8555555555555555                         85555                                                                                                                                                       
                                        33333                333  5333                                       222222    22222222            02222222222252522525                                          555555555555555                             55559                                                                                                                                                      
                                     3333929                      33333                                     922222       222222222222222222222222222222222524                                         555555555555555                                55555                                                                                                                                                      
                                    33330                           323                                     222222         22222222222222222222252222525259                                        4555555555555555                                   55555                                                                                                                                                     
                                    3335                                3332                               2222220            522222222222220   422522258                                        55555555255555558                                    55555                                               55                                                                                                    
                                   3                                     333               32             5222225                              2222252                                         55555555  5555555                                       55555                                            85555                                                                                                   
                                5333                                         33339   90   22             5222222                            922252520                                        55555555   555555                                          5555                                           555555                                                                                                   
                                3333                                          222   2233                2222222                            22252258                                         5555552    555554                                           55555                                          555555                                                                                                   
                                 4                                                                    2222222                            22252252                                         5555555     555559                                            55555                  555                   05555555                                                                                                   
                              9333                                                                 222222222                            2522252                        950               5555555     555559                                              55555                 555555                55555555                                                                                                   
                              3333                                                             32222222222                            5222525                        9555554           5555555      55555                                                55555                  55555555            55555555                                                                                                    
                               53                                                        032222222222225                             2252525                         5555555          5555555      055555                                                 55559                  5555555558        555555555                                                                                                    
                               66                                                  32222222222222223                               42525250                          8555550         5555555       55555                                                  55555                   555555555550    5555555555                                                                                                    
                              2336                                        5323222222222222222226                                  0252525                                           5555555       55555                                                    5555                    6555555555555555555555555                                                                                                    
                               63                             3333333323232232222222222222222222223569                           9522525                                           5555555        55555                5555                                55555                    955555555555555555555555            0955555                                                                                 
                                                             33323223232323222222222222222222222222222222222                     255525                                           5555555        55555               05555559                              55555                      555555555555555555555555555555555555555555                                                                                
                               333                            232332232232222222222222222222222222222222222222225               255555                                            555555         55555               05555555                              55555                       555555555555555555555555555555555555555                                                                                  
                               533                                                                    9222222222225            5555558                                           555555         555555                855555                                55559                       55555555555555555555555555555555555                                                                                     
                                                                                                           8222222222          555555                                           5555550         55555                                                       55555                       55555555555555555555555555555558                                                                                        
                                  09                                                                          852252525        555550                                           555555          55555                                                       55555                   85555555555555555555555555555555                                                                                            
                                 3333                                                                            22252529     855555                                           555555          855555                                                       55555                555555555555555555555555555555556                                                                                              
                                  333                                                                              5255552    255554                                           555555          955555                                                       55555             55555555555555555555555555555555555                                                                                               
                                                                                                                    5555555   55555                                            555555          555555                                                       55555          555555555555555555555555555555555555555                                                                                              
                                      3333                                                                           9555554  55555                                           555555           955555                                                       55555        555555555555555555555555555555555555555555                                                                                             
                                      2333                         2                                                  5555555 55555                                           555555           555555                                                       55555        55555555555555555555555555555555555555555558                                                                                           
                                            3329                5226                                                   955555555555                                           555555           955555                                                       55555                           55555555555555555555555554                                                                                          
                                            23323 832       2222                                                        25555555555                                          0555555            55555                                                       55555                           555555555555 05555555555555                                                                                         
                                                  2222 6222 226                                                          5555555555                                          5555559            55555                                                       55555                           55555555559      85555555555                                                                                        
                                                                                                                          555555555                             555          5555559            55555                                                       55555                           5555555558           555555558                                                                                      
                                                                                                                          855555555                           5555555        5555555            955550                                                     055555                           555555555               255555                                                                                      
                                                                                                                           55555555                           5555555        9555555             55555                                                     55555                            55555555                   552                                                                                      
                                                                                                                            5555555                            55555          555555             55555                                                     55555                            5555555                                                                                                             
                                                                                                                            55555559                                          555555             055555                       55555555                    555555                            555555                                                                                                              
                                                                                                                             5555555                                          555555              55555                     95555                         55555                             555559                                                                                                              
                                                                                                                             9555555                                          5555555              55555                   5555                          555550                             5555                                                                                                                
                                                                                                                              555555                                           555555               55555                  5555                         555555                               55                                                                                                                 
                                                                                                                              0555555                                          5555555              655555                 555                         555555                                                                                                                                                   
                                                                                                                               555555                                           555555               555550                5559                      8555555                                                                                                                                                    
                                                                                                                               955555                                           5555555               555558               5555                     5555555                                                                                                                                                     
                                                                                                                                555559                                          9555555                555558               5555                  5555555                                                                                                                                                       
                                                                                                                                 55559          555555055                        5555555                555555              8555558            555555555                                                                                                                                                        
                                                                                                                                 5555        5555555  05555                       5555555                555555               55555555555555555555555                                                                                                                                                           
                                                                                                                                            55556       5555                      05555555                555555                5555555555555555556                                                                                                                                                             
                                                                                                                                           5555            55                      05555555                 555555                  8555555555                                                                                                                                                                  
                                                                                                                                  9559      5555           55                       95555555                 555555                                                                                                                                                                                             
                                                                                                                                   55        8555  90     8555                       55555555                  555555                                                                                                                                                                                           
                                                                                                                                    558        555555     5555                        85555555                  6555555                                                                                                                                                                                         
                                                                                                                                   5555                    56                          955555555                  65555558                                                                                                                                                                                      
                                                                                                                                     550                5555                             55555555                   55555555                                                                                                                                                                                    
                                                                                                                                      5555             55555                              555555555                   955555555                                                                                                                                                                                 
                                                                                                                                      85559 555   55  5555                                  555555558                    555555550                                                                                                                                                                              
                                                                                                                                           5555595555555                                     8555555555                    8555555555                                                                                                                                                                           
                                                                                                                                             555 956                                           5555555555                      55555555555                                                                                                                                                                      
                                                                                                                                                       858                                       55555555554                      8555555555555550                                                                                                                                                              
                                                                                                                                                                                                    55555555555                        555555555555555555555555555555555                                                                                                                                        
                                                                                                                                                                                                      5555555555550                          55555555555555555555555555                                                                                                                                         
                                                                                                                                                       5                                                 55555555555556                               55555555555555                                                                                                                                            
                                                                                                                                                     558              556                                   55555555555555555                     555555555555555                                                                                                                                               
                                                                                                                                                    6559                555                                     555555555555555555555555555555555555555555555                                                                                                                                                   
                                                                                                                                                    55                   855                                         555555555555555555555555555555555558                                                                                                                                                       
                                                                                                                                                    650                   955                                               955555555555555555559                                                                                                                                                               
                                                                                                                                                   4555                    55                                                                                                                                                                                                                                   
                                                                                                                                                    08                                                                                                                                                                                                                                                          
                                                                                                                                                     44                    55                                                                                                                                                                                                                                   
                                                                                                                                                    4555                  556                                                                                                                                                                                                                                   
                                                                                                                                                     454                555                                                                                                                                                                                                                                     
                                                                                                                                                       45455           5454                                                                                                                                                                                                                                     
                                                                                                                                                        54444 4440 4545                                                                                                                                                                                                                                         
                                                                                                                                                              45458444                                                                                                                                                                                                                                          
                                                                                                                                                                                                                                                                                                                                                                                                                
                                                                                                                                                                                                                                                                                                                                                                                                                
                                                                                                                                                                                                                                                                                                                                                                                                                
                                                                                                                                                                                                                                                                                                                                                                                                                
                                                                                                                                                                                                                                                                                                                                                                                                                
                                                                                                                                                                                                                                                                                                                                                                                                                
                                                                                                                                                                                                                                                                                                                                                                                                                
                                                                                                                                                                                                                                                                                                                                                                                                                
                                                                                                                                                                                                                                                                                                                                                                                                                
                                                                                                                                                                                                                                                                                                                                                                                                                
                                                                                                                                                                                                                                                                                                                                                                                                                
                                                                                                                                                                                                                                                                                                                                                                                                                
                                                                                                                                                                                                                                                                                                                                                                                                                
                                                                                                                                                                                                                                                                                                                                                                                                                
                                                                                                                                                                                                                                                                                                                                                                                                                
                                                                                                                                                                                                                                                                                                                                                                                                                
                                                                                                                                                                                                                                                                                                                                                                                                                
                                                                                                                                                                                                                                                                                                                                                                                                                
                                                                                                                                                                                                                                                                                                                                                                                                                
                                                                                                                                                                                                                                                                                                                                                                                                                
                                                                                                                                                                                                                                                                                                                                                                                                                
                                                                                                                                                                                                                                                                                                                                                                                                                
