                                                                                                                                                                                                                                                                                                                                                                                                                
                                                                                                                                                                                                                                                                                                                                                                                                                
                                                                                                                                                                                                                                                                                                                                                                                                                
                                                                                                                                                                                                                                                                                                                                                                                                                
                                                                                                                                                                                                                                                                                                                                                                                                                
                                                                                                                                                                                             555                                                                                                                                                                                                                
                                                                                                                                                                                              0                                                                                                                                                                                                                 
                                                                                                                                                                                                   55                                                                                                                                                                                                           
                                                                                                                                                                                                                                                                                                                                                                                                                
                                                                                                                                                                                                        55                                                                                                                                                                                                      
                                                                                                                                                                                                                                                                                                                                                                                                                
                                                                                                                                                                                                            555                                                                                                                                                                                                 
                                                                                                                                                                                                               55                                                                                                                                                                                               
                                                                                                                                                                                                                5                                                                                                                                                                                               
                                                                                                                                                                                                                  550                                                                                                                                                                                           
                                                                                                                                                                                                                     2                                                                                                                                                                                          
                                                                                                                                                                                                                     55                                                                                                                                                                                         
                                                                                                                                                                                                         555           55                                                                                                                                                                                       
                                                                                                                                                                                                           555          55                                                                                                                                                                                      
                                                                                                                                                                                                             555          59                                                                                                                                                                                    
                                                                                                                                                                                                               555        99                                                                                                                                                                                    
                                                                                                                                                                                            55                  2558       555                                                                                                                                                                                  
                                                                                                                                                                                           9556                   555                                                                                                                                                                                           
                                                                                                                                                                                           5555                    555       25                                                                                                                                                                                 
                                                                                                                                                                                           5555                     5258                                                                                                                                                                                        
                                                                                                                                                                                          555555                     5252      25                                                                                                                                                                               
                                                                                                                                                                                     5555555555555524                 5222                                                                                                                                                                                      
                                                                                                                                                                                   45555555555555255525                5222     222                                                                                                                                                                             
                                                                                                                                                                                        9555525256                      5228                                                                                                                                                                                    
                                                                                                                                                                                          952555                         222                                                                                                                                                                                    
                                                                                                                                                                                           5525                          2225     45                                                                                                                                                                            
                                                                                                                                                                                           5252                           2228                                                                                                                                                                                  
                                                                                                                                                                                            52                            5222     25                                                                                                                                                                           
                                                                                                                                                                                            80                             2220                                                                                                                                                                                 
                                                                                                                                                                                                      32                   5222                                                                                                                                                                                 
                                                                                                                                                                                22                    22                   3222                                                                                                                                                                                 
                                                                                                                                                                               252                   5225          25      9222                                                                                                                                                                                 
                                                                                                                                                                               822                2222222222       22      6222       25                                                                                                                                                                        
                                                                                                                                                                                                    022222         229     6222       225                                                                                                                                                                       
                                                                                                                                                                                                      229          22      5222        22                                                                                                                                                                       
                                                                                                                                                                                                      22           22      2222        322                                                                                                                                                                      
                                                                                                                                                                                   5                              323      2222         22                                                                                                                                                                      
                                                                                                                                                                                  25                               3      22222         223                                                                                                                                                                     
                                                                                                                             29                                                                                  92       2222          222                                                                                                                                                                     
                                                                                                                                                                                                                         32222          222                                                                                                                                                                     
                                                                                                                                                                                                                22      62222           222                                                                                                                                                                     
                                                                                                                                88                                                                                     222225          6222                                                                                                                                                                     
                                                                                                                                52                                           92                              622      322223           3223                                                                                                                                                                     
                                                                                                                                                                             23                             2        222222            2222                                                                                                                                                                     
                                                                                                                                                                                                           22       222229            32236                                                                                                                                                                     
                                                                                                                                   92                                                                   222       222222             92223                                                                                                                                                                      
                                                                                                                                    22                                    22                         32 2       222222               32325                                                                                                                                                                      
                                                                                                                                     22                                  22                         225       2222229               22222                                                                                                                                                                       
                                                                                                                                     922                3              922                      22         3222223                 23232    32                                                                                                                                                                  
                                                                                                                                      2229                            5220                   23         22222223                 2232320   923                                                                                                                                                                  
                                                                                                                                       2224            22            3222                            52222222                   232232     23            2                                                                                                                                                      
                                                                                                                                       92225                        2222                          32222223                    3232323     333           232                                                                                                                                                     
                                                                                                                                        22223                      2222                        62222223                     52322323      23            333                                                                                                                                                     
                                                                                                                                         22222        325         2222                       2222223                      32322323       325            323                                                                                                                                                     
                                                                                                                                         622222       223       522225                     222222                      932232323        322             232                                                                                                                                                     
                                                                                                                            22            222222      229      322223                    32222                      8322232223         233              323                                                                                                                                                     
                                                                                                                                           222222             222222                   22223                     6222232322           332               232                                                                                                                                                     
                                                                                                                                25         2222222           222222            2     82223                    3222323223             232               3232                                                                                                                                                     
                                                                                                22                                 825      2222222         222222                  3222                  62222322233              6322                32323                                                                                                                                                    
                                                                                                       22                           3223     2222222      52222226        22       322                 3222232222                 2232               32323232                                                                                                                                                   
                                                                                                             2222                     23     32222222    22222223     22          322               222232230                   52323        932232323232323232323235                                                                                                                                           
                                                                                                               92222222235                    222222229 22222222    2223          22             2222333                       32323          22332323232232222223232                                                                                                                                           
                                                                                                                    6222222222232390           2222222222222222     9            23           222223                         323238                   3232232                                                                                                                                                   
                                                                                                                         222222222222222232390 2222222222222229                             32238                          523233                      22323                                                                                                                                                    
                                                                                                                             622222222222222222222323222322222                             222           223              32322                        32226                                                                                                                                                    
                                                                                                                                  33232322223232322222322223222222                       323            32223          5222323       2                 6323                                                                                                                                                     
                                                                                                                                      922322222222223222232222222222222226                               3225        3223232        332                 223                                                                                                                                                     
                                                                                                                                           332323232222322223232322222222222222239                                 2222222          222                 222                                                                                                                                                     
                                                                                                                                             3222222322223222222223232322222222222222222236                     32232323           23223                223                                                                                                                                                     
                                                                                                                                823223      223232322323222323232333333222222222222223323233    22     3     932222223         2222222222223            223                                                                                                                                                     
                                                                                                                           22   3236       23222222322222322                                              222222223              03223238               226                                                                                                                                                     
                                                                                                                      33                 3232323232223232223                                           3222222223                   222                 52                                                                                                                                                      
                                                                                                                                        323232323    2222322     222                                6222222223                      323                                                                                                                                                                         
                                                                                                                                      532323222      32322226     2223          22                3222222228                        92                                                                                                                                                                          
                                                                                                                                     32323223         2232323       23         22              3222222222                            6                                                                                                                                                                          
                                                                                                                                   32323225           9222222           20   522             222222222                                                                                                                                                                                                          
                                                                                                                                  3333328       23     323232               522            222222238                                                                                                                                                                                                            
                                                                                                                                3323229        022      22222              9226          32222222                                                                                                                                                                                                               
                                                                                                                               32333           332      523226             225         82222222                  62222222222222222222223                                                                                                                                                                        
                                                                                                                             53333             33        32323            222         3222222              2222235                622222222224                                                                                                                                                                  
                                                                                                                            2333                          3222           222         222222                529                           222222220                                                                                                                                                              
                                                                                                                          9332                            6222           222        222222           2                             24        2222222                                                                                                                                                            
                                                                                                                         333                  23           2223         322        622223            22                            39           222222                                                                                                                                                          
                                                                                                                        32                                  222         223        22229              22                                           222229       225                                                                                                                                             
                                                                                                                                                            222        222        52223               323           23           22                  22222       2229                                                                                                                                           
                                                                                                                                            933              220       222        2222                 229                      22                    422224       226                                                                                                                                          
                                                                                                                  632                                        323       223        2220                 522                     226                      22222       222                                                                                                                                         
                                                                                                                                           2                  22       226        222     0             222         22        222                        52222        5                                                                                                                                         
                                                                                                           53                              0                   9      622         222                   4222        22       222                          92225       52                                                                                                                                        
                                                                                                              6                           3                           222         322         9          2222      522      2222            29             4222                                                                                                                                                 
                                                                                                              3                           2                     28    222          4          2          22222     824     2222                             2255       552                                                                                                                                      
                                                                                                                36                       3                     922    922                        22       22222           22225        25                    225                                                                                                                                                
                                                                                                                6                        3                             22                        5228     222225         52222                               2225       550                                                                                                                                     
                                                                                                                  33                                                   226       2222              222    0222222       222222      22                        552                                                                                                                                               
                                                                                                                                       33                        222   222          222228          529    2222222     222222     522                         255        6                                                                                                                                      
                                                                                                                    33                322                    2         222             3222259             62222222   2222222    225                    9     255        24                                                                                                                                     
                                                                                                                     333             3232                62            522                22222222          2222222222222222                     8522 229     255                                                                                                                                               
                                                                                                                      3332          3332              23           2    226                  22222222222    5222222222222222              5252252550          555        5                                                                                                                                      
                                                                                                                      633333       23233          02                    222                     52222222222222222222222222259952222252222222252              5554                                                                                                                                               
                                                                                              33                       3333332    333233      022222                     22                       42222222222222222222225222222225222525252                  5550                                                                                                                                               
                                                                                                  33  3                 2333333233233233  23222222                       222                         2222222222222225252225252252252522                     5555555555555                                                                                                                                       
                                                                                                      2   333239         33333333332323232223232                          22                           42222222252522222522222525224                         999522555555555556                                                                                                                                 
                                                                                                            3333333333333333333323232323232322                             25       25   22  22222       52225222222525222525225                                         5555555558                                                                                                                             
                                                                                                               02333333333332333333232322323                               529                         2222522252522222525222                                                 55555550                                                                                                                          
                                                                                                                   53333333333232323232322225                                                        5222522252222525252225252     525528                                        5555555                                                                                                                        
                                                                                                                       3333333333232323232322222229                                               22225222522252522252252525255       52   52                                       555555                                                                                                                      
                                                                                                                      93333232323232322322222222222222239                                      822252225252522222525252525252525                       55                             555555                                                                                                                    
                                                                                                                    5333323333332323232232323232222222222222  22                             522522252522     25252525255252525254                    9555                              555555                                                                                                                  
                                                                                                                  33333333323232323222323                         23  25                  2222522555          22525252    525555552                   5555             55      555        55555                                                                                                                 
                                                                                                                23333333233333232323232223                                             22225254               2252522        25555558             02555555552         055       5555        5555                                                                                                                
                                                                                                             533333339    2323233  3223223                                          2225228            522    2525259          5555555           8555555555552        55          4555       55555                                                                                                              
                                                                                                           233330        6323233     222223                                      52222                255     252555     58      255555               5555            55            5555      55555                                                                                                             
                                                                                                       3                 32323        922220                                   822                    0       255559     55         55552             5555           555              555      55554                                                                                                            
                                                                                                       38               32323           2222                              22                       25         25555      255          5555             55            555               555      5555                                                                                                            
                                                                                                   53                   2322              223                                                                 55558       55            5555           45           5550                555      5555                                                                                                           
                                                                                               62                      2323                22                                                   52            5555                        2555                     0555     5555         555      5559                                                                                                          
                                                                                                                       225                                                       56                           5559          52              455                    5555     5555          559     5555                                                                                                          
                                                                                                                      32                      26              25                529                           555                                                 95555                    55      555                                                                                                          
                                                                                                                                                50                              52               2            555                                55               5555                     55      555                                                                                                          
                                                                                                                     26                         50                             525               5           255              9                                  55555                     955     5559                                                                                                         
                                                                                                                                                   2           22             0552                           555                                                 55555                      55     5559                                                                                                         
                                                                                                                   23                                                         5552                           55                                                 555555                      55     5555                                                                                                         
                                                                                                                  6                 6                            24          55555            59            855                                                8555559                      45     5559                                                                                                         
                                                                                                                  2               2222                           229         55555                          85                     5                           555555                              5550                                                                                                         
                                                                                                                6                2222224              22         422        555552         55                                      559                        5555555                              555                                                                                                          
                                                                                                                                  22222               2222        522      4555555                                                  559    5555555599       855555555                              555                                                                                                          
                                                                                                                                                       5222       952      555555       555                559                       55      5555555555555555555555555                      55    5555                                                                                                          
                                                                                                                                                        42522      258    2555555      555                                           555          55555555555555555555554                         555                                                                                                           
                                                                                                                                                          25255           5555555     555             5                 55            555              55555555555555555555554                   9555                                                                                                           
                                                                                                                                   9                       252552        55555555   0554                               9552           555                  555555555555555555555559             0555                                                                                                            
                                                                                                                                  92                        5555558     5555 5555   55        05555                    5555           5550                  55555555559555555555555559          5559                                                                                                            
                                                                                                                                        25    9              55555558   5550 5555          55555                   82555555556        5555                  5555555                            5555                                                                                                             
                                                                                                                                             2225255          55555555 5555  5559       55555                     5555555555555       5555                  555555                            5555                                                                                                              
                                                                                                                                                 5552522       55555555555   555      5555                             5555           5555                  555558                           5555                                                                                                               
                                                                                                                                                      2555      5555 5555   9555                                       5555           5555       55        955555                           5556                                                                                                                
                                                                                                                                                                05555       5555558                                    955            5559                 55555                           555                                                                                                                  
                                                                                                                                                           9255555555        55555555555555559                          55           5555                  55555                         5555                                                                                                                   
                                                                                                                                                     25555555555529                 95555555555555555559                             5555       55         5555                         5558                                                                                                                    
                                                                                                                                              95555555555556                    095555555555555555555555555555                      5555                   5555                       5555                                                                                                                      
                                                                                                                                        255555555555555555555555555555      5555555555555555555555999                              55555       9          5555                      5555                                                                                                                        
                                                                                                                                 255555555555555555555555555555555555   95  5555                                                  55555        5          5555                    5555                                                                                                                          
                                                                                                                               85555259                          5554  55559 555                                                 55555                    555                  55558                                                                                                                            
                                                                                                                                                                5555 555555555555    5555                       555             55555        55           555               55555                                                                                                                               
                                                                                                                                                               5555 5555  55555554     55555                   5555           855555                     9554          9555558                                                                                                                                  
                                                                                                                                                      5555    555555555    5555555        5555                 555559        555555         58  5        555        55555                                                                                                                                       
                                                                                                                                                    5555     45555555       5555555          555                5555        555555             55        559                                                                                                                                                    
                                                                                                                                                  5555       5555555         455555               55                      555555         55    55        55                                                                                                                                                     
                                                                                                                                                 555        5555558    55      55555              89                    4555555               955       955                                                                                                                                                     
                                                                                                                                                 0         555555      55       55555                  58             5555555          5      55        95                                                                                                                                                      
                                                                                                                                            55            555555       55        5555                               55555554          45     555                                                                                                                                                                
                                                                                                                                                         55555         55         5555                           655555556                  4550                                                                                                                                                                
                                                                                                                                                        55555          55          5555                        55555555           55        555                                                                                                                                                                 
                                                                                                                                       55              5555            55           955                     555555555                      555                                                                                                                                                                  
                                                                                                                                                      5555             55             9                  4555555558           555         555                                                                                                                                                                   
                                                                                                                                                      55               55                             8555555555                         555                                                                                                                                                                    
                                                                                                                                                                                                    555555555             55           9555                                                                                                                                                                     
                                                                                                                                                                                                 555555555                            5555                                                                                                                                                                      
                                                                                                                                                                       55                     9555555556              55             5555                                                                                                                                                                       
                                                                                                                                                                                            555555555             55               55555                                                                                                                                                                        
                                                                                                                                                                                          55555555                               555554                                                                                                                                                                         
                                                                                                                                                                       55               55555555            855                555555                                                                                                                                                                           
                                                                                                                                                                                      55555555            5  9               5555558                                                                                                                                                                            
                                                                                                                                                                                    85555555             558               5555554                                                                                                                                                                              
                                                                                                                                                                                   5555555            955               85555555                                                                                                                                                                                
                                                                                                                                                                                 0555555            55                55555555                                                                                                                                                                                  
                                                                                                                                                                                5555555           4558             555555558                                                                                                                                                                                    
                                                                                                                                                                               555555             55            455555555                                                                                                                                                                                       
                                                                                                                                                                              555555           955            55555555                                                                                                                                                                                          
                                                                                                                                                                             555555                        555555555                                                                                                                                                                                            
                                                                                                                                                                            555559           55          55555555                                                                                                                                                                                               
                                                                                                                                                                           555550           5          55555555                                                                                                                                                                                                 
                                                                                                                                                                           55559           65        55555558                                                                                                                                                                                                   
                                                                                                                                                                          55555           5         5555558                                                                                                                                                                                                     
                                                                                                                                                                          5555           65       9555555                                                                                                                                                                                                       
                                                                                                                                                                         5555           55       0555558                                                                                                                                                                                                        
                                                                                                                                                                         5555          955       555558                  55                                                                                                                                                                                     
                                                                                                                                                                         5559          55       555556                  555                                                                                                                                                                                     
                                                                                                                                                                         555                    55555                   555                                                                                                                                                                                     
                                                                                                                                                                         555          55       55555                   9555                                                                                                                                                                                     
                                                                                                                                                                         555         455       55555                   55555                                                                                                                                                                                    
                                                                                                                                                                         555                   55555             95555555555555550                                                                                                                                                                              
                                                                                                                                                                         955                   55559             455555555555555554                                                                                                                                                                             
                                                                                                                                                                          554        55        55559                   555555                                                                                                                                                                                   
                                                                                                                                                                          555                  55559                   55555                                                                                                                                                                                    
                                                                                                                                                                           550      655        65555                    555                                                                                                                                                                                     
                                                                                                                                                                            56                  5555                    555                                                                                                                                                                                     
                                                                                                                                                                                     56         05556                   955                                                                                                                                                                                     
                                                                                                                                                                                     5           5555                    5                                                                                                                                                                                      
                                                                                                                                                                                     09           5555                                                                                                                                                                                                          
                                                                                                                                                                                     55            5559                                                                                                                                                                                                         
                                                                                                                                                                                                    4550                                                                                                                                                                                                        
                                                                                                                                                                                       8             855                                                                                                                                                                                                        
                                                                                                                                                                                      454                                                                                                                                                                                                                       
                                                                                                                                                                                      455                                                                                                                                                                                                                       
                                                                                                                                                                                                                                                                                                                                                                                                                
                                                                                                                                                                                        45                                                                                                                                                                                                                      
                                                                                                                                                                                                                                                                                                                                                                                                                
                                                                                                                                                                                          69                                                                                                                                                                                                                    
                                                                                                                                                                                          454                                                                                                                                                                                                                   
                                                                                                                                                                                                                                                                                                                                                                                                                
                                                                                                                                                                                            544                                                                                                                                                                                                                 
                                                                                                                                                                                                                                                                                                                                                                                                                
                                                                                                                                                                                              444                                                                                                                                                                                                               
                                                                                                                                                                                                                                                                                                                                                                                                                
                                                                                                                                                                                                 444                                                                                                                                                                                                            
                                                                                                                                                                                                                                                                                                                                                                                                                
                                                                                                                                                                                                     94                                                                                                                                                                                                         
                                                                                                                                                                                                       44                                                                                                                                                                                                       
                                                                                                                                                                                                        44                                                                                                                                                                                                      
                                                                                                                                                                                                                                                                                                                                                                                                                
                                                                                                                                                                                                                                                                                                                                                                                                                
                                                                                                                                                                                                                                                                                                                                                                                                                
                                                                                                                                                                                                                                                                                                                                                                                                                
                                                                                                                                                                                                                                                                                                                                                                                                                
                                                                                                                                                                                                                                                                                                                                                                                                                
                                                                                                                                                                                                                                                                                                                                                                                                                
