                                                                                                                                                                                                                                                                                                                                                                                                                
                                                                                                                                                                                                                                                                                                                                                                                                                
                                                                                                                                                                                                                                                                                                                                                                                                                
                                                                                                                                                                                                                                                                                                                                                                                                                
                                                                                                                                                                                                                                                                                                                                                                                                                
                                                                                                                                                                                                                                                                                                                                                                                                                
                                                                                                                                                                                                                                                                                                                                                                                                                
                                                                                                                                                                                                                                                                                                                                                                                                                
                                                                                                                                                                                                                                                                                                                                                                                                                
                                                                                                                                                                                                                                                                                                                                                                                                                
                                                                                                                                                                                                                                                                                                                                                                                                                
                                                                                                                                                                                                                                                                                                                                                                                                                
                                                                                                                                                                                                                                                                                                                                                                                                                
                                                                                                                                                                                                                                                                                                                                                                                                                
                                                                                                                                                                                                                                                                                                                                                                                                                
                                                                                                                                                                                                                                                                                                                                                                                                                
                                                                                                                                                              73317                                                                                                                                                                                                                                             
                                                                                                                                                              15537                                                                                                                                                                                                                                             
                                                                                                                                                              7717                                                                                                                                                                                                                                              
                                                                                                                                                                                                                                                                                                                                                                                                                
                                                                                                                                                                                                                                                                                                                                                                                                                
                                                                                                                                                                 7117                                                                                                                                                                                                                                           
                                                                                                                                                                726537                                                                                                                                                                                                                                          
                                                                                                                                                                73553                                                                                                                                                                                                                                           
                                                                                                                                                                                                                                                                                                                                                                                                                
                                                                                                                                                                                                                                                                                                                                                                                                                
                                                                                                                                                                                                                                                                                                                                                                                                                
                                                                                                                                                                                                                                                                               77                                                                                                                               
                                                                                                                                                                                                                                                                             735537                                                                                                                             
                                                                                                                                                                                                                                                                              12237                                                                                                                             
                                                                                                                                                                    7117                                                                                                                                                                                                                                        
                                                                                                                                                                   734437                                       7117                                                                                                                                                                                            
                                                                                                                                                                    1223                                        35421                                                                                                                                                                                           
                                                                                                                                                                                                                735943                                                    7                                                                                                                                     
                                                                                                                                                                                                                 736951                                                 73521                                                                                                                                   
                                                                                                                                                                                                                  159957                                                73521                                                                                                                                   
                                                                                                                                                                                                                   36943                                                  7                                                                                                                                     
                                                                     7777777                                                                                                                                       349637                                                                                                                                                                                       
                                                                   7354666645237                                                                                      73231                                        158927                                            777                                                                                                                                        
                                                                   1255555469994537                                                                                   756437                                       348937                                           35537                                                                                                                                       
                                                                     7   777325989537                                                                                 71337                                       729843                                           735437                                                                                                                                       
                                                                              73598921                                                                                                                           7368957                                            777                                                                                                                                         
                                                                                7368951                                                                                                                         7348951                                                                                                                                                                                         
                                                                                 7348953                                                                                                                       1298953                                                                                                                                                                                          
                                                                                  7348851                                                                                 777                                73498951                                                                                                                                                                                           
                                                                                   7298637                                                                              735421                             734908437                                                                                                                                                                                            
                                                                                    159043                                                                               15421                           734908951                                           7131                                                                                                                                               
                                                                                    7390927                                                                               777                          734900951                                             35421                                                                              7337                                                            
                                                                                     159843                                                                                                          7349009537                                              73317                                                                              35437                                                           
                                                                                     7390937                                                                                                        159008637                                                                                                                                  12643                                                            
                                                                                     7360957                                                                               73231                  7348009517                                                                                                                                  736951                                                            
                                                                                      360851                                                                               359437                 36800927                                                7                                                                                  7359437                                                            
                                                                                      1590927                                                                              71337                715900927                                              735537                                                                               7369637                                                             
                                                                                      7390857                                                                                                   72900851                                               734427                                      7                                      73599437                                                              
                                                                                       3608437                                                                                                 734800927                                                 777                            77133355554444555555523317777                 7735499627                                                                
                                                                                       1590951                                                                                                 736000927                                                                           713254998800000000000000000099966452333331111333325499896217                                                                 
                                                                                       73900937                                                                              73221             736000927                                                                        135498000000000000888999999999988880000008888888889888994537                                                                    
                                                                                        15900637                                                                             159927            736000951                                           13237                    7125980000000000996455333311111111133325544644666666455523317                                                                       
                                                                                         34800937                                                                            732217             35800063                                          726627                  124900000000089553377                             7 7                                                                                 
                                                                                         734800921                                                                                              729000951                                          7331                7356800000000945317                                                                                                                      
                                                                                          7359008437                                                                                            7360000927                                                           73590000000096217                                                                                                                          
                                                                                            1590009437                                                                          7117             1590000951                                                         359000000009537                                                                                                                             
                                                                                             7348000895377                                                                     159621             1580000953                                  7117                736800000089537                                                                                                                               
                                                                                               7268000089653117                    7777111133333333311177                      156621             735800008437                               736651             71580000000953                                                                                                                                  
                                                                                                7134900000088965533311171111333325554999998888888888889945237                  77117                15800000927                               35537            73480000008437                                                                                                                                   
                                                                                                   7356900000000008888998898880000000000000000000000000000099431                                    735900000943                               77             7360000000951                                                                                                                                     
                                                                71177                                 1354980000000000000000000000000000000000000000000000000086537                77                 158000008437                                           7368000000951                                                                                                                                      
                                                                34651                                    713354999880000000000000000000000000000000000000000000009517            135537                158000000927                                         7360000000921                                                                                                                                       
                                                                13337                                         77113322555555555544444466699990000000000000000000008637          7368951                 158000000927                     73377             7358000000851                                                                                                                                        
                                                                                                                           77777777777777111133256980000000000000000921          124427                 7360000000927                   729951             1580000008517                                                                                                                                        
                                                                             12237                                                               77356900000000000000851          7777                   7590000000637                  735537            7290000000937                                                                                                                                         
                                                                            734651                                                                   735900000000000009517                               7390000000851                                   7348000000951                                                                                                                                          
                                                                             71177                                                                     7159000000000000957         71337                  348000000043                                   759000000043                                                                                                                                           
                                                                                          777                                                            729000000000000637       7299951                 1580000000927              77                 7340000000851                                                                                                                                           
                                                                                         724537                                                           73600000000000843       1298951                 3580000000957            124437               7590000000937                                                                                                                                           
                                                                                         725537                                                            75900000000000937       733317                73400000000857            159951              7360000000851                                                                                                                                            
                                                                                           7          7                                                     1580000000000851                             72900000000851            71317               7290000000937                                                                                                                                            
                                                                                                    15531                                                   72900000000000637        733317             736000000000957                                340000000093                                                                                                                                             
                                                                                                   734651                                                   73400000000000927      734989637           7158000000000927        73317                  7290000000951                                                                                                                                             
                                                                                                    7717                                                     1580000000000843      340008951          7348000000000063        1599637                 1580000000927                                                                                                                                             
                                                                                                              735237                                         15800000000000637     3600008637        73600000000000851        7349537                7260000000043                                                                                                                                              
                                                                                                              159957                                         75900000000000951     726888951       7159000000000000637         71177                 3400000000857                                                                                                                                              
                                                                                                              71331                                          75900000000000851      7133337       7348000000000000951                               72900000000927                                                                                                                                              
                                                                                                                         13237                               759000000000000927                  1590000000000000853      733377                   73400000000951                                                                                                                                               
                                                                                                                        759943                               158000000000000851                735900000000000008437     1598951                   15800000000927                                                                                                                73331                          
                                                                                                                        735537                               1580000000000000927              734800000000000000937     71298951                  129000000000637                                                                                                                724537                         
                                                                                                                                  15521                      14000000000000000637            726000000000000000951       713337                  729000000000051                                                                                                       13337      7117                          
                                                                                                                                 1598927                     148000000000000008437          129000000000000000953    771177                     7290000000000927                                                                                                      734621                                    
                                     7777                                                                                         355217  71117              1580000000000000008637       71590000000000000000637  735699437                  71590000000000851                                                                                           7177         7111                                     
                                    156537                                                                                               7368951             3480000000000000000095377  715680000000000000000851  73600008437                734800000000000927                                                                                          726437                                                 
                                    73523             777                                                                                7298951   77777     158000000000000000000094522598000000000000000000851  7390099951               7159000000000000851                                                                             7777          732217                                                 
                                                     124537                                                                               71317  1349995377  158000000000000000000000000000000000000000000000851  7349008621             71268000000000000843                                                                             734421                                                                
                                                     735217                                                                                     73900008637  729000000000000000000000000000000000000000000000853   71325237            7134800000000000000637                                                                             732537                                                                
                                                                7717  735537                                                                    73600000927   158000000000000000000000000000000000000000000000637                    71248000000000000008437                                                               735237                                                                               
                                                                      735537      733317                                                         7269999517   7290000000000000000000000000000000000000000000009537                7135900000000000000008637                                                     777        726621                                                                               
                                                                        77        759627      7717                                                7133317      36000000000000000000000000000000000000000000000084317        777132490000000000000000009517                                                     124537       7117                                                                                
                                                                                   1337       349437       7                                                   72900000000000000000000000000000000000000000000000894522332255499800000000000000000008951                                             735237    724537                                                                                           
                                                                                              154537     735537                                                 158000000000000000000000000000000000000000000000000000000000000000000000000000000009537                                     71117    159927     777                                                                                             
                                                                                               77        159927     12521                                       7368000000000000000000000000000000000000000000000000000000000000000000000000000008437                                      7349637   71337                                                                                                      
                                                                                                         71331     7298637     713317                            1580000000000000000000000000000000000000000000000000000000000000000000000000008621                               13521    7359437                                                                                                              
                                                                                                                    13231      3488437   732317     713117       73600000000000000000000000000000000000000000000000000000000000000000000000008621                       7717     7369927     777                                                                                                                
                                                                                                                               1566537  72989437  734999431      7158000000000000000000000000000000000000000000000000000000000000000000000086517                       7269537    73231                                                                                                                         
                                                                                                                                7717    7349621  73600000957      1580000000000000000000000000000000000000000000000000000000000000000000086217   7777        7125217   1599637                                                                                                                                  
                                                                                                                                          7777   73680899637      15800000000000000000000000000000000000000000000000000000000000000000009537   732544537     1598951    13317                                                                                                                                   
                                                                                                                                                  734999951      7340000000000000000000000000000000000000000000000000000000000000000009537    73680000951    7349437                                                                                                                                            
                                                                                                                                                    711177      735900000000000000000000000000000000000000000000000000000000000000000951      729008808437    7777                                                                                                          77                                  
                                                                                                                                                              7159000000000000000000000000000000000000000000000000000000000000000000927       73488999651                                               7 7                                                                                                     
                                                                                                                                    77771111111111111111113325690000000000000000000000000000000000000000000000000000000000000000000637          12566537                                       777335555666646645552317                                                                                         
                                                                                                                             71332554469999998989999999998800000000000000000000000000000000000000000000000000000000000000000000000951            7777                                      773256998000000000000000099645317                                                                                    
                                                                                                                        773546900000000000000000000000000000000000000000000000000000000000000000000000000000000000000000000000000851                                                    712498000000000000000000000000000895317                                                                                 
                                                                                                                      73569000000000000000000000000000000000000000000000000000000000000000000000000000000000000000000000000000000851                                                 71349800000000000008899999998800000000089537                                                                               
                                                                                                                   71268000000000000000000000000000000000000000000000000000000000000000000000000000000000000000000000000000000000951                                               735900000000000089452331711711133254988000008621                                                                             
                                                                                                                  1290000000000000000000000000000000000000000000000000000000000000000000000000000000000000000000000000000000000000637                                            134900000000008942317                711249800008437                                                                           
                                                                                                                726000000000000000000000000000000000000000000000000000000000000000000000000000000000000000000000000000000000000000843                                         71268000000000865317                        732680000953                                                                          
                                                                                                               15900000000000000000000000000000000000000000000000000000000000000000000000000000000000000000000000000000000000000000843                                      7359800000000086217                              1290000853                                                                         
                                                                                                             734800000000000000089996666699998000000000000000000000000000000000000000000000000000000000000000000000000000000000000008921                                  135900000000009531                                  71590008437                                                                       
                                                                                                             34800000000000096533117777777771332599800000000000000000000000000000000000000000000000000000000000000000000000000000000008621                             7326800000000009437                                      729000043                                                                       
                                                                                                           7359000000000084217                  777325980000000000000000000000000000000000000000000000000000000000000000000000000000000089537                       71359000000000009437                                         7348008437                                                                     
                                                                                                           1580000000009537                          713590000000000000000000000000000000000000000000000000000000000000000000000000000000008942317             77335490000000000008437                                             34800853                                                                     
                                                                                                          129000000008631                               7359000000000000000000000000000000000000000000000000000000000000000000000000000000000008945233111111135468000000000000008621                                               735900951                                                                    
                                                                                                          3600000000951                                   159000000000000000000000000000000000000000000000000000000000000000000000000000000000000000088999898000000000000000008621                                                   35900953                                                                   
                                                                                                         1590000000951                                    7360000000000000000000000000000000000000000000000000000000000000000000000000000000000000000000000000000000000000008953                                                      159008537                                                                 
                                                                                                        7360000000851                                      3400000000000000000000000000000000000000000000000000000000000000000000000000000000000000000000000000000000000008951                                                         729008437                                                                
                                                                                                        158000000853                                      736000000000000000000000000000000000000000000000000000000000000000000000000000000000000000000000000000000000008621                                                            735900951                                                               
                                                                                                       7368000000937                                     73480000000000000000000000000000000000000000000000000000000000000000000000000000000000000000000000000000000089537                                                                126808637                                                             
                                                                                                       759000000951                                     7348000000000000000000000000000000000000000000000000000000000000000000000000000000000000000000000000000000895317                                                                   7159009537                                                           
                                                                                                       34000000841                                    735900000000000000000000000000000000000000000000000000000000000000000000000000899998800000000000000000009652377                                                                        73598084317                    7                                   
                                                                                                      129000000927                                  134900000000000000000000000000000000000000000000000000000000000000000000000000843111113335544666996664523317                                                                               7359888942177            1335521                                 
                                                                                                     736000000927                                735690000000000000000000000000000000000000000000000000000000000000000000000000000951           777777777                                                                                        713598089645333333332554996537                                 
                                                                                                     15800000851                              7354900000000000000000000000000000000000000000000000000000000000000000000000000000000437                                                                                                              7132598888889988899645317                                   
                                                                                                    729000008437                           7356800000000000000000000000000000000000000000000000000000000000000000000000000000000000951                                                                                                                  71332555555523117                                       
                                                                                                   729000008437                          1349000000000000000000000000000089669800000000000000000000000000000000000000000000000000000921        7777                                                                                                                                                             
                                                                                                  736000008437                         1368000000000000000000000000008965317713480000000000000000000000000000000000000000000000000000927     73554531                                                                                                                                                           
                                                                                                 73680000951                         734800000000000000000000000896423177      1590000000000000000000000000000000000000000000000000008637   7298000853                                                                                                                                                          
                                                                                                15900000921                         15900000000000000000008996523377           73600000000000000000000000000000000000000000000000000008437 715800000937                                                                                                                                                         
                                                                                              734800008537               73531    7348000000000000089945233177                 73400000000000000000000009644446998000000000000000000000851  73498009537 77                                                                                                                                                      
                                           77333331177                                      735900000951                7369927  7360000000000009453177             713337      15800000000000000000086537777777135980000000000000000000927  7132523777354537                                                                                                                                                   
                                         73499998899945317                                7359800009517                  73331   36000000000094337                7359989537    34000000000000000008921            7359000000000000000000637          7290843                                                                                                                                                   
                                        735552222554988896537                          73268000009537           777             158000000008437                   7290000951   73600000000000000000637               71598000000000000000951           125537                                                                                                                                                   
                                         777       713259889653317                 7135698000086237           7354517          72900000000621                     1590000951   7590000000000000008637    71117         7359000000000000000927                   73521                                                                                                                                           
                                                       71359980094523311117111113259980000096531              734651          73480000008437                       13569621   7360000000000000008627   735989437         134800000000000008537                 7368957                                                                                                                                          
                                                          77354990000899999999988000008994531                   777           729000000843                        77711117    759000000000000008637    1590008437          3590000000000000927                  13521                                                                                                                                           
                                                               732554698880000008996453177          777                       158000000927                       156437      736000000000000000627     1590000637           1590000000000008437                            777                                                                                                                                  
                                                                    77113332233333177              12453                      15800000851                       7348951      15800000000000000937       15469421             759000000000000927                           156437                                                                                                                                
                                                                                                   156537                     15800000957                        713377     72900000000000008627          773317              15900000000000043                           156537                                                                                                                                
                                                                                                    777                       15900000927                                  73400000000000000927           7349437              34800000000000937                           777      777                                                                                                                         
                                                                                         77                                   73600000637                     71317        1590000000000000927            7269627              73480000000000843                                   15653                                                                                                                        
                                                                                       735537                                  3480000637                    7299537      7360000000000000921              73337                72900000000000937                                  35651                                                                                                                        
                                                                                       734437                                  1580000927                    1599537      159000000000000927                                     1590000000000851                                   777      77                                                                                                                 
                                                                                         777                                   7290000927                     7111       729000000000000951                  73337                3480000000000937                                         735521                                                                                                               
                                                                             777                                               7360000927                                15800000000000851                  7598627               7290000000000851                                         734651                                                                                                               
                                                                            156537                                              158000927                  777          72900000000000951                   735653                 1580000000000937                                         7717                                                                                                                
                                                                            12551                                               159000927                7356517        1580000000000843                      777                  7368000000000851                                                 712237                                                                                                      
                                                                                                                                759000927                7349537       73400000000000937                                            7290000000000637                                                726657                                                                                                      
                                                                                                                                759000957                 71177        7360000000000951                        73337                 150000000000851                                                 7117                                                                                    7                  
                                                               7117                                                             159000927                              1590000000000637                       7298927                7368000000000637                                                                                                                                                           
                                                              726627                                                            159000937                              158000000000851                        735553                  129000000000851                                                           73237                                                                                           
                                                              71331                                                            736800951              7117             340000000000937                           7                     148000000000927                                                          34651                                                                                           
                                                                                                                               729000637             736951            34000000000063                                                  734000000000063                                                          71117                                                                                           
                                                                                                                              734800957              735537            34800000000063                                                   729000000000851                                                                                                                                                         
                                                 73337                                                                        15800951                 77              158000000000637                            71117                  159000000000951                                                                                                                                                        
                                                734651                                                                       129008437                                 729000000000927                           7369437                  158000000000927                                                                      73337                                                                            
                                                 7131                                                                       35800851                                    35800000000851                           735453                   7159000000000951                                                                    736953                                                                            
                                                                                                                          126800951               7331                  759000000000927                            77                       158000000000951                                                                    73317                                                                            
                                                                                                                       71268008437               729951                  359000000000637                                                     1590000000009537                                                                                                                                                   
                                    7                                                                                73598008437                 735537                   360000000008637                                                    71290000000000627                                                                            35537                                                                 
                                 735537                                                                           735680089537                                            7348000000008437                            777                      73600000000008437                                                                         734421                                                                 
                                 735421                                                                        7356900895317                                                359000000000637                          15451                      735900000000009437                                                                        7777     77                                                           
                                    7                                                                      7735988894537                                                     159000000000951                         15451                        7368000000000089537                                                                            724537                                                         
                                                                                                         712690865317                        713237                           7348000000008437                        777                           73680000000000094237                                                                         72553                                                          
                                                                                                       7126886537                            736627                             129000000000953                                                       1249000000000000865337                                                                       7                                                            
                                                                                                      73688621                                7117                               7159000000008621                                                       73598000000000000096453177                                                                                                                              
                                                                                                     12989517                                                                      7359000000009537                       7                               7134980000000000000089952233777                                                                                                                       
                                                                                                    7298637                                                                          7359000000009537                   12551                                77326988000000000000000089645523331177                                                                                                             
                                                                                                   7349927                                                                             735900000008921                  159437                                   7732469980000000000000000000888945522317                                                                                                       
                                                                                                   739851                                 1331                                           735680000008627                 7117                                          713325499999888000000000000000899645337                                                                                                  
                                                                                                   759927                                734627                                            715980000009537                                                                   7777113325555446999980800000008965317                                                                                              
                                                                                                   159927                                 7117                                                1268000008637                                                                                7 771133332566990000894217                                                                                           
                                                                                                   734437                                                                                      7159800000921               13237                                                                       7773254980089531                                                                                         
                                                                                                    1331                                                                                          12900000957             735427                                                                             7135498094217                                                                                      
                                                                                                                                                                                                   73590000951             7717                                                                                  7326808437                                                                                     
                                                                                                                                      7317                                                           1590000637                                                                                                    713498951                                                                                    
                                                                                                                                     724537                                                           7290008437                                                                                                      1290851                                                                                   
                                                                                                                                      1331                                                             159000927             71317                                                                                     7369951                                                                                  
                                                                                                                                                                                                        158008437            35651                                                                                      7360937                                                                                 
                                                                                                                                                                                                        729000957            71337                                                                                       159943                                                                                 
                                                                                                                                                                                                         15800851                                                                                                         348937                                                                                
                                                                                                                                                                                                         75800851                                                                                                         159927                                                                                
                                                                                                                                                                                                         72900843               7331                                                                                      729957                                                                                
                                                                                                                                                                                                         73900041              735427                                                                                     159957                                                                                
                                                                                                                                                                                                         73600851               73317                                                                                     349637                                                                                
                                                                                                                                32217                                                                    73600851                                                                                                        736843                                                                                 
                                                                                                                               726437                                                                    72900927                                                                                                        126957                                                                                 
                                                                                                                               71337                                                                     34808437                 71337                                                                                 729951                                                                                  
                                                                                                                                                                                                        73600927                  72643                                                                                735963                                                                                   
                                                                                                                                                                                                        1590063                   71337                                                                               7359537                                                                                   
                                                                                                                                                                                                       72908637                                                                                                      735451                                                                                     
                                                                                                                                                                                                      73480957                                                                                                       71317                                                                                      
                                                                                                                                                                                                      1590951                         77                                                                                                                                                                        
                                                                                                                                                                                                     1590951                         15527                                                                                                                                                                      
                                                                                                                                                                                                    1590951                          15421                                                                                                                                                                      
                                                                                                                        12537                                                                      3598927                            77                                                                                                                                                                        
                                                                                                                       734627                                                                    73588637                                                                                                                                                                                                       
                                                                                                                        7117                                                                    73689537                                7177                                                                                                                                                                    
                                                                                                                                                                                               7298921                                 726537                                                                                                                                                                   
                                                                                                                                                                                              1599637                                  71331                                                                                                                                                                    
                                                                                                                                                                                             159951                                                                                                                                                                                                             
                                                                                                                                                                                            734951                                                                                                                                                                                                              
                                                                                                                                                                                             7117                                                                                                                                                                                                               
                                                                                                                                                                                                                                                                                                                                                                                                                
                                                                                                                                                                                                                                                                                                                                                                                                                
                                                                                                                                                                                                                                                                                                                                                                                                                
                                                                                                                                                                                                                                                                                                                                                                                                                
                                                                                                                                                                                                                                            73231                                                                                                                                                               
                                                                                                                                                                                                                                            72453                                                                                                                                                               
                                                                                                                                                                                                                                             777                                                                                                                                                                
                                                                                                                                                                                                                                                                                                                                                                                                                
                                                                                                                                                                                                                                                                                                                                                                                                                
                                                                                                                                                                                                                                                                                                                                                                                                                
                                                                                                                                                                                                                                                                                                                                                                                                                
