                                                                                                                                                                                                                                                                                                                                                                                                                
                                                                                                                                                                                                                                                                                                                                                                                                                
                                                                                                                                                                                                                                                                                                                                                                                                                
                                                                                                                                                                                                                                                                                                                                                                                                                
                                                                                                                                                                                                                                                                                                                                                                                                                
                                                                                                                                                                                                                                                                                                                                                                                                                
                                                                                                                                                                                                                                                                                                                                                                                                                
                                                                                                                                                                                                                                                                                                                                                                                                                
                                                                                                                                                                                                7325237                                                                                                                                                                                                         
                                                                                                                                                                                               126889437                                                                                                                                                                                                        
                                                                                                                                                                                               159008621                                                                                                                                                                                                        
                                                                                                                                                                                               735664217                                                                                                                                                                                                        
                                                                                                                                                                                                771117                                                                                                                                                                                                          
                                                                                                                                                                                                                                                                                                                                                                                                                
                                                                                                                                                                                                                                                                                                                                                                                                                
                                                                                                                                                                                                                                                                                               77                                                                                                               
                                                                                                                                                                                                                                                                                        711325555217                                                                                                            
                                                                                                                                                                                                                                                                                     73254999994521                                                                                                             
                                                                                                                                                                                                                                                                                  73256999945233177                                                                                                             
                                                                                                                                                                                                                                                                                1356989652317                                                                                                                   
                                                                                                                                                                                                                                                                              73569894231                                                                                                                       
                                                                                                                                                                                                     7 7                                                                    71569894217                                                                                                                         
                                                                                                                                                   7333317                                 7771333225555522231177                                                          7359889537                                                                                                                           
                                                                                                                                                  126999517                            713355698888000000088996453177                                                     735988621                                                                                                                             
                                                                                                                                                 7359009537                         73256988800008888800000000008965317                                                  735988621                                                                                                                              
                                                                                                                                                  73546537                       7354998889945552232322555698000000894237                                                15908921                                                                                                                               
                                                                                                                                                   777777                      73569089655331777      7 771355698000009431                                              734908537                                                                                                                               
                                                                                                                                                                             7356989653177                  7712498000089537                                            15988627                                                                                                                                
                                                                                                                                                                           71568894237                         71249800009537                                          735908437                                                                                                                                
                                                                                                                                                                          7359894217                             7156800009537                                         734808437                                                                                                                                
                                                                                                                             7777                                        126986537                                712680000951         7                               734808637                                                                                                                                
                                                                                                                            735521                                      12698621                                    12680008637      132237                            734800627                                                                                                                                
                                                                                                                            1598637                                   712699437                                     71290000951     73699437                           7349009537                                                                                                                               
                                                                                                                           136809537                                  12699437                                       73590009537    15900951                           7359008637                                                                                                                               
                                                                                                                          7359008637                                 73499437                                         159000853    7368008437                           159000921                                                                                                                               
                                                                                                                          1598000927                                73499437                                          129000951    1590008637                           1590009537                                                                                                                              
                                                                                                                         73480000951                               73599637                                           129000621   12600000927                           1268000953                                                                                                                              
                                                                                                                        7159000008537                             73599621                                            736989537  7359000009537                          12680008437                                                                                                                             
                                                                                                                        7348000008627                            73599437                         77777                1325237   1298000008921                          73480008437                                                                                                                             
                                                                                                                       73590000000951                          712499437                        713464237                777    73480000000851                          73480008637                                                                                                                             
                                                                                                                       726800000008437                        735696537                         726808621                      7159000000008437                         73480008637                                                                                                                             
                                                                                                                      7359000000000927                        7125237                           734989421                      7348000000000927                         73480008637                                                                                                                             
                                                                                                   7 77777 7 7       712900000000009537          7 7 777       7777                             773252377                     71590000000000951                         72680008637                                                                                                                             
                                                                                                712555555555522222222256800000000000952333332222555555555317                                                                  134800000000008637                        12900000637                                                                                                                             
                                                                                                734980800008888888888880000000000000089999998888800800089537                                                                 7349000000000000951                        15900008437            77777777777                                                                                                      
                                                                                                 1354980000000000000000000000000000000000000000000000099537                                                                  72900000000000008537                      73490000953      7713225554466644555233117                                                                                               
                                                                                                   713549800000000000000000000000000000000000000000965317                                                       7777        735900000000000000627                      15900009537   71254698000000000000088996423117                                                                                           
                                                                                                      7135698000000000000000000000000000000000009653377                                                       73564537      159800000000000000951                    7126800084377 7356900000088999999999998000089942377                                                                                        
                                                                                                        7713599000000000000000000000000000000894237                                                           12908921     73480000000000000009437                  715680000921777349008896552233111133333556998008965317                                                                                      
                                                                                                            7135980000000000000000000000008942377                                                             73544537     15900000000000000000921                 7359000009517  735664533777             77713569000895317                                                                                    
                                                                                                               7356800000000000000000000095317                                                                 77777      736800000000000000000851               71268000086517    771177                       7325980089537                                                                                   
                                                                                                                7159000000000000000000008437                                                                             71590000000000000000008437           773569000009431                                     7735900096217                                                                                 
                                                                                                                7348000000000000000000008637                                                                             72600000000000000000000927       713354980000895217                                        71268000921                                                                                 
                                                                                                               73590000000000000000000000953                                                                            735900000000000000000000951     735499800000895317                                           773490089517                                                                               
                                                                                                              7159000000000000000000000008621                                                                          71590000000000000000000008437   73598888899453377                                               7359000621                                                                               
                                                                                             711317           12680000000008999980000000008637                                                                         73490000000000000000000000921    733555523317                                                    1348008537                                                                              
                                                                                            7354537          7348000000000953333568000000009517                                                                        159000000000000000000000009437      77                                                            126808951                                                                              
                                                                                           73599437         71590000000895317   735690000008651                                                                       7368000000000000000000000000627                                                                    7359008437                                                                             
                                                                                           1598951          12980000089531        71249800008637                71333333111111177777777  7                            1590000000000000000000000000921                                                                     129000637                                                                             
                                                                                          73598951         7348000089537            7134900009537               1569999999966644444555555522333331177777            7126000000000000000000000000009537                                       77777777777777               736800637                                                                             
                                                                                          73680921        735900086531                71249808621               734980000000000000000000000888999645555552222233333325680000000000000000000000000089531111111113111313333333333333333332222255555555544445317             734800937                                                                             
                                                                                          73680951        1590096537                    7135988537               7135490000000000000000000000000000000000000808888888000000000000000000000000000000089966999999999999999999999999988888888888000000000889431              734800637                                                                             
                                                                                          736008437      734996237                        7125521                   732499000000000000000000000000000000000000000000000000000000000000000000000000000000000000000000000000000000000000000000000000000965237               736808637                                                                             
                                                                                          736800951      7132337                             777                      7732498000000000000000000000000000000000000000000000000000000000000000000000000000000000000000000000000000000000000000000008945317                  156009537                                                                             
                                                                                          73490086217       7                                                            7135498000000000000000000000000000000000000000000000000000000000000000000000000000000000000000000000000000000000000009945377                    735908431                                                                              
                                                                                           12900009537                      733317                                          7125690000000000000000000000000000000000000000000000000000000000000000000000000000000000000000000000000000000009652377                       72600951                                                                               
                                                                                           73590000942377                 73246537                                             713569800000000000000000000000000000000000000000000000000000000000000000000000000000000000000000000000008965217                           12900927                                                                               
                                                                                            7359000009653177           7732499621                                     773333317  7713569000000000000000000000000000000000000000000000000000000000000000000000000000000000000000000008945317                              15980637                                                                               
                                                                                             73568000008965533331111333556996537                                    712499996537     733598000000000000000000000000000000000000000000000000000000000000000000000000000000000000008945317                                71598951                                                                                
                                                                                               7356900000000899999999998996531                                    73569000008637        732569000000000000000000000000000000000000000000000000000000000000000000000000000000009942377                                   73598951                                                                                
                                                                                                 732499880000000008088965317                                     126800000089537          7735498000000000000000000000000000000000000000000000000000000000000000000000000008952377                                      73490951                                                                                
                                                                                                   7713325466666455223117                                      715680000894231               7735498000000000000000000000000000000000000000000000000000000000000000000008942317                                         73580951                                                                                
                                                                                                         7777717777                                            3590000094317                    713569000000000000000000000000000000000000000000000000000000000000000895237                                              1598953                                                                                
                                                                                                                                                             7159800086217                         732598000000000000000000000000000000000000000000000000000000000894231                                                 72499621                                                                               
                                                                                                                                                             15980008431                             7712498000000000000000000000000000000000000000000000000000894231                                                     12688637                                                                              
                                                                                                                                                            73490008437                                 71348000000000000000000000000000000000000000000000000942317                                                       7359896517                                                                            
                                                                                                                                                           71590008437                                   7348000000000000000000000000000000000000000000000009537                                                           73568894217                                                                          
                                                                                                                                                           7268008627           713333177               73590000000000000000000000000000000000000000000000008437                                                             13598894217                                                                        
                                                                                                                                                          73590089517          73569999537              15900000000000000000000000000000000000000000000000008921                                                              7135999965237                                                                     
                                                                                                                                                          159808621           7356969989537           71290000000000000000000000000000000000000000000000000008437     713332333331777                                           713569889652377                                                                 
                                                                                                                                                         734800951            7132332688437           126800000000000000000000000000000000000000000000000000009217   735699889999944523317                                         71356988995317                                                               
                                                                                                                                                        7349009537              77135989537          1368000000000000000000000000000000000000000000000000000008431    135569998888008899452317                                        7325698896537                                                             
                                                                                                                                                       7349089517                735696517          734800000000000000000000000000000000000000000000000000000009537     771333322556998808896531                                         732598896537                                                           
                                                                                                                                                     7359808621                  7135237           7359000000000000000000000000000000000000000000000000000000008621              771132569880894237                                         13598896217                                                         
                                                                                                                                                   73249089537                     7 7            735900000000000000000000000000089990000000000000000000000000008437                  771354980094237                                        71349089537                                                        
                                                                                       7777777777777777                                         7135690894217                                    73590000000000000000000000000894533259800000000000000000000000009517                     7135680086517                                        7356809421                                                       
                                                                                71133225544444444445555233331177                            771354988894217                                      726000000000000000000000000895317  713598000000000000000000000008627                        73568009531                                         1268086217                                                     
                                                                           713255699880000000000000000088889964523333117777        777711332549980896531                                       71268000000000000000000000894237        1359800000000000000000000009537                         7359808921                                         134808921                                                     
                                                                        712549800000000888899999999999988000000888989645555522222255554669988889945317                                         126800000000000000000000895317           713590000000000000000000008621                          71268089517                                        126808621                                                    
                                                                     735498000008996552233333331111133325555546999888888000888880088888889996523177                                           7368000000000000000000096531                 1349000000000000000000008437                          7126808951                                         129808637                                                   
                                                                   1356800089645231177                  77 77713332255555444466666645555233117                                               735900000000000000000094217                    7124900000000000000000009537                           736800621              7711177                   7359009517                                                  
                                                                7134900089453177                                      77777777777777777                                                     73480000000000000000895217                        71359000000000000000000621                            159808437            7359965217                  159008637                                                  
                                                               1359000865317                                                                                                               7159000000000000000965317       711177               7124900000000000000008437                           735900951           715688886517                 726800951                                                  
                                                             735980096237                                                                                                                 71590000000000000094237         73569531                712490000000000000009517                           159008437           73255689637                 7368008537                                                 
                                                            12490086217                                                                                                                  7159800000000000895317           1268086537                7134900000000000008651                           734800927             713598921                 7260008437                                                 
                                                          71598009537                                                                                                                    72680000000000865317             73590089537                 732690000000000008637                          735900927              71599437                 129000853                                                  
                                                         7359008621                                                                                                                     735900000000894237                 7349000921                   71249000000000009537                          15900951             71249621                 7359000951                                                  
                                                        7359009437                                                                                                                     73490000000895377                    7268008637                    7126900000000089517                         159008537           71249953                  7268008437                                                  
                                                       7359008437                                                                                                                      159000000942377                      73480009517                     73249000000008637                         159008437           73699437                 7349000853                                                   
                                                      7156808437                                                                                                                      1290000094217                          3590008621                       715680000000951                         159008637           12999517                73490008957                                                   
                                                      726008627                                                                7133317                                               12980096531                             1268000953                         73569000008621                        159000627           7269951               7735900009217                                                   
                                                     735900951                                    71117                      71249964217                                            7159994217                               73480008437                          7326900008437                       159000637           12688437             735980000953                                                     
                                                     124808637                                   7359621                     15980889621                                             7133177                                 72680008637                            71359800951                       159008637           734989431         713568000009537                                                     
                                                    7359009517                                   73688621                   734900088951                                                                                     12900008437                              7125989537                     7348008437            1298086523317713354980000089537                                                      
                                                    736800921                                    736008621                   15980009431                                                                                     1590000853                                 7733337                      734800953             73598008899666698000000009421                                                        
                                                    129008637                                    7360008621                  7125664537                                                                                     72680000951                                                              159000921               13490000000000000000894217                                                         
                                                    129008637                                    73600008621                   777177                                                                                      734800008437                                                             7268008437                71249880000000008965217                                                           
                                                    129008627                                    736000008621                                                                                                             735900000621                                                             7349000951                   77332544466455231                                                               
                                                    129000627             7333377                7360000008621                                                                                                          7134900000951                                                             71590009437                       7771777777                                                                  
                                                    729000951            126886517               72600000008631                                                                                                        73590000009537                                                            73590008437                                                                                                    
                                                    7368009537          7359009537               726000000008637                                                                                                    7135690000009537                                                            73590008437                                                                                                     
                                                    7359000921           73255217                1290000000008631                                                                                                713249800000086217                                                           712680009437                                                                                                      
                                                     1290008537            7777                  12900000000008437                                                                                          771335698000000089537                                                           7124900089537                                                                                                       
                                                     73680009537                                 129000000000008437                                                                                 777113325499800000000896537                                                           7324900009437                                                                                                         
                                                     715900009517                                1590000000000009537                                                                        771133325556999800000000008965337                                                          733569000094217                             711117                                                                       
                                                      734900009537                              715900000000000009537                                                                  71335546998880000000000088999652317                                                         71325980000895317                             712496537                                                                      
                                                       7359000094317                             159000000000000009517                                                              7135698808888899999966644452333177                                                        77135569800009942377                               1268089537                                                                     
                                                        7359000089537                           7359000000000000000951                                           7711117          732498889945552333311111777777                                                         7713354698000099652377                                  734989621                                                                      
                                                         735900000865377                        73580000000000000000651                                   771332556996537       71568899523177                                                                       7133569980000896452377                                       7332237                                                                       
                                                          7126800000865317                      734800000000000000008627                            77132254999800089421       7359896237                                                                        7132569880008996523377                                                                                                                         
                                             7777           73598000008945317                   7348000000000000000008627                     7713255699800000000084217       734996537                                                                      773256980000896523317                                                                                                                              
                                           7355531            13598000000096523177              73480000000000000000008637              77133254698000000000000094237         1599621                                                                     71354980000896523177                                                                                                                                  
                                           15988437             73549800000008964533177         736000000000000000000008437      7771332546980000000000000000094317          7359421                                                                   7135490000896523177                                                                                                                                      
                                           12699537               713249800000000899645377      73600000000000000000000095377113325469800000000000000000000894217            735531                                                                  7324980008945317                                                                                                                                           
                                           7713317                   773325499888880086217      72900000000000000000000008644699800000000000000000000000009421                7717                                                                7135980008945317                                                                                                                                              
                                                                         7713332555555317       7290000000000000000000000000000000000000000000000000000094217                                                                                   713498000895317                                                                                                                                                 
                                                                                777777          12900000000000000000000000000000000000000000000000000094217                                                                                    13498000962377                                                                                                                                                   
                                                                                               7359000000000000000000000000000000000000000000000000086517                                                                                    7359800094237                                                                                                                                                      
                                                                                         77133325980000000000000000000000000000000000000000000000086537                                                                                     126900086217                                                                                                                                                        
                   777777                                                         7711325549988000000000000000000000000000000000000000000000000089537                               77117                                                 735900089537                                                                                                                                                          
                  73545237                                                 777133255699800000000000000000000000000000000000000000000000000000089537                                13564537                                              73590008421                                                                                                                                                            
                  35908921                                          77113255469980000000000000000000000000000000000000000000000000000000000009537                                 734908921                                             12690009537                                                                    7777                                                                                     
                 712699437                                   77713325469980000000000000000000000000000000000000000000000000000000000000000084217                                  712499537                                            7348000953                                                                     7325237                                                                                   
                  7713317                            77713325546988800000000000000000000000000000000000000000000000000000000000000000000086537                                      713117                                            73590009537                                                                     7349651                                                                                   
                                                   73554699880000000000000000000000000000000000000000000000000000000000000000000000000089537                                                                                         73590008437                                                                       1599637                                                                                  
                                                   359800000000000000000000000000000000000000000000000000000000000000000000000000000008621          77111331111777                                                                   1290008637                                                                        1298621                                                                                  
                                                   732554699800000000000000000000000000000000000000000000000000000000000000000000000008621        7354669999966455523177                                                            7359000951                                                                         1599627                                                                                  
                                                      77711335546988000000000000000000000000000000000000000000000000000000000000000000086217     73680000000000000089642377                                                         1598000921                                      713177                            73499437                                                                                  
                                                              7713335466988000000000000000000000000000000000000000000000000000000000000009537    7359888000000000000000894537                                                       3590009437                                     12496537                          73598951                                                                                   
                                                                    77713325469980000000000000000000000000000000000000000000000000000000009437    73325555554999800000000096531                                                    7348000953                                      35908437                          12989437                                                                                   
                                                                           777133555699800000000000000000000000000000000000000000000000000086217         777713354998000000086537                                                  7348000951                                      7355531                         735989537                                                                                    
                                                                                  771332556998000000000000000000000000000000000000000000000089217               771359900000008621                                                 7348000951                                        777                          135989437                                                                                     
                                                                                        7711335490000000000000000000000000000000000000000000009537                  7325980000089537                                               7348000951                                                                  77359896537                                                                                      
                                      77                                                     773680000000000000000000000000000000000000000000008431                   713490000009537                                              73480009537                                                              773259989431                                                                                        
                                    735553117                                                 7348000000000000000000000000000000000000000000000086217                   71249000009537                                             73590008437                                                         7713354998895317                                                                                         
                                   736994222317                                               12600000000000000000000089880000000000000000000000009537                    7359000089517                                             1598008921                                                     71325549988896531                                                                                            
                                   359094549637                                              7359000000000000000000095333549800000000000000000000009537                    735900000921                                             73680008437                                                7135469800088942317                                                                                              
                                   159889999437                 77177                        72900000000000000000086237  7132569800000000000000000008437                    715900008437                                            73590000927             713377                           735698000089453377                                                                                                 
                                   73569899537                 12464537                      129000000000000000009437        7132569800000000000000008621                    735900009517                                            73480009437           7359621                         7359800008942317                                                                                                     
                                    773333317                 1290009517                    735900000000000000009537            771354998000000000000089537                   73590008637                                             15900009517          12908637                      715680000895317                                                                                                        
                                                              126808621                     73480000000000000086217                 773256980000000000009537                   73480009437                                            735900089217        7159009537                    7159800009431                                                                                                           
                                                              713555317                     729000000000000008631                       713256800000000009437                  71598000951                                             735900089537       7348000953                   7349000009537                                                                                                            
                                                                 777                        15900000000000008437                           77325698000000084377                 71598008621                                             735980089537      73680000637                  159000089517                                                                                                             
                                                                                           73590000000000009537                                7135499800008621                  71590008621                                             712698009517     159000009537                126800009517                                                                                                              
                                                                                           7368000000000009537        777777                      771356980089517                 735980086217                                             7324996517    7348000000627               735900008637                                                                                                               
                                                                                           159000000000086217       1354445533177                     71354999637                   134900094237                    7                        7133377     12600000009437              72980000621                                                                                                                
                                                                                          73480000000008621        7359800889994533177                   7132231                     735980009653317777777711333325555523331777                         715900000000951              12900008437                                                                                                                
                                                                                          7368000000008437          124988000000889945317                                              73249000889964554444999888800088889996452177                     7368000000008637             15900008437                                                                                                                
                                                                                          729000000009437            71325446980000008965317                                             73354998000800008898999666666666999888965317                   73600000000009537            15900008437                                                                                                                
                                                                                          15900000009537                 777132554698000894231                                              7713255454444523331177777777113325698895317                715900000000008621            73680008437                                                                                                                
                                                                                         73590000009517                         7733549800089537                                                 777777777                   71359996537               7349000000000008437           73590000951                  1322317                                                                                       
                                                                                         1298000086517                              77325980086537                                                                              135499537              15900000000000009217           12680009537                12689621                                                                                       
                                                                                         15900008627                                   7135690094217                                                                             77354537             715900000000000008637            7356996517                12699621                                                                                       
                                                                                        73590008621                                       73568089517                                                                              77117              7349000000000000009537            77333377                 7132231                                                                                        
                                                                                        7348008437                                          7359009537                                                                                                1590000000000000008627                                777                                                                                                 
                                                                                        159809437           7777                             7359009537                                                                                              735900000000000000008437                     7777713332555537                                                                                              
                                                                                       735909537         7132555531                           7159809537                                                                                             736800000000000000000927             777713332544699888000953                                                                                              
                                                                                       71546537        71354446996217                          735900921                                                                                             1290000000000000000008437     7771133254469880000000000096537                                                                                              
                                                                                        77117          15999423599951                           734808437                                                     77177777777777777 7 7                7735900000000000000000009533333556669980000000000000000096537                                                                                                
                                                                                                      734989511349953                            15900921                                                    1354444555555555552222222222233333333322568000000000000000000008999988000000000000000000000096237                                                                                                  
                                                                                                      735989423598951                            734808437                                                   12680000000000000088000888888888888888880000000000000000000000000000000000000000000000000094217                                                                                                    
                                                                                                       13498899999437                             15900627                                                    13569000000000000000000000000000000000000000000000000000000000000000000000000000000000094317                                                                                                      
                                                                                                        135999996537                              15900953                                                      7325690000000000000000000000000000000000000000000000000000000000000000000000000000094317                                                                                                        
                                                                                                         773333317                                129008537                                                        7135980000000000000000000000000000000000000000000000000000000000000000000000089531                                                                                                           
                                                                                                                                                  736808437                                                          773259800000000000000000000000000000000000000000000000000000000000000000089537                                                                                                             
                                                                                                                                                  736808637                                                             7132598000000000000000000000000000000000000000000000000000000000000096537                                                                                                               
                                                                                                                                                  734808621                                                                71354980000000000000000000000000000000000000000000000000000000096217                                                                                                                 
                                                                                                                                                  734900951                                                                   713569000000000000000000000000000000000000000000000000000095317                                                                                                                   
                                                                                                                                                  735900953                                                                      7335690000000000000000000000000000000000000000000000895317                                                                                                                     
                                                                                                                                                   159008437                                                                       771259900000000000000000000000000000000000000000095377                                                                                                                       
                                                                                                                                                   159008637                                                                           712598000000000000000000000000000000000000008431                                                                                                                         
                                                                                                                                                   129000921                                                                 7777        77324900000000000000000000000000000000000009537                     713331                                                                                             
                                                                                                                                                   729000951                                                              713555237         735900000000000000000000000000000000000009537                   734999537                                                                                           
                                                                                                                                                   7290008437                                     771777                73249808637         7159000000000000000000000000000000000000009517                 7349008951                                                                                           
                                                                                                                                                   73490009537                                   73466537             7356800089537         73480000000000000000000000000000000000000009537                7359009431                                                                                           
                                                                                                                                                    1348008637                                  7348009517          7356900089537          7358000000000000000000000000000000000000000009537                73255537                                                                                            
                                                                                                                                                     3590009537                                  15699431         7124900089537           712900000000000000000000000000000000000000000009537                  77                                                                                               
                                                                                                                                                     73490009537                                  133317        7324900089537             7368000000000000000000008998800000000000000000009537                                                                                                                  
                                                                                                                                                      73490009537                                            77359800086531              734800000000000000000008653335680000000000000000009537                                                                                                                 
                                                                                                                                                       73490009431                                         71359800096537               7159000000000000000000965377 773549800000000000000009537                                                                                                                
                                                                                                                                                        735980089531                                    713569000894217                71590000000000000000094237       7735698000000000000009537                                                                                                               
                                                                                                                                                          1348000895317                             77135698000895317                  726000000000000000086237            71359800000000000009537                                                                                                              
                                                                                                                                                           7324900089652377                    7711354998008895237                    73490000000000000096537                7732598000000000009537                                                                                                             
                                                                                                                                                             71256900009645533177777777771113325469900008945317                      7159000000000000096237                     7135698000000000951                                                                                                             
                                                                                                                                                                73256988000899664445555446699800000899652317                         12980000000000086217                          713598000000009517                                                                                                           
                                                                                                                                                                   7733546998000000000000008889964523117                            1268000000000094237                              77335680000009517                                                                                                          
                                                                                                                                                                      777113255544666666644523331777                               735900000000094217                                   713249900086217                                                                                                         
                                                                                                                                                                              777777777777777                                     71590000000096517                                        773249800951                                                                                                         
                                                                                                                                                                                                                                  726800000096217                                             7135696537                                                                                                        
                                                                                                                                                                                                                                 73590000094237                        777                       71117                                                                                                          
                                                                                                                                                                                                                                 126000096217                        73355317                                                                                                                                   
                                                                                                                                                                                                                                73680894217                         735988621                                                                                                                                   
                                                                                                                                                                                                                                129894317                           735989621                                                                                                                                   
                                                                                                                                                                                                                                7133317                              7132231                                                                                                                                    
                                                                                                                                                                                                                                                                                                                                                                                                                
                                                                                                                                                                                                                                                                                                                                                                                                                
                                                                                                                                                                                                                                                      777777                                                                                                                                                    
                                                                                                                                                                                                                                                    7354445237                                                                                                                                                  
                                                                                                                                                                                                                                                  7359889645217                                                                                                                                                 
                                                                                                                                                                                                                                                  1598895332231                                                                                                                                                 
                                                                                                                                                                                                                                                 73590953324653                                                                                                                                                 
                                                                                                                                                                                                                                                 73598865569953                                                                                                                                                 
                                                                                                                                                                                                                                                  7359808899537                                                                                                                                                 
                                                                                                                                                                                                                                                   71355455317                                                                                                                                                  
                                                                                                                                                                                                                                                      7777                                                                                                                                                      
                                                                                                                                                                                                                                                                                                                                                                                                                
                                                                                                                                                                                                                                                                                                                                                                                                                
                                                                                                                                                                                                                                                                                                                                                                                                                
                                                                                                                                                                                                                                                                                                                                                                                                                
                                                                                                                                                                                                                                                                                                                                                                                                                
