                                                                                                                                                                                                                                                                                                                                                                                                                
                                                                                                                                                                                                                                                                                                                                                                                                                
                                                                                                                                                                                                                                                                                                                                                                                                                
                                                                                                                                                                                                                                                                                                                                                                                                                
                                                                                                                                                                                                                                                                                                                                                                                                                
                                                                                                                                                                                                                                                                                                                                                                                                                
                                                                                                                                                                                                                                                                                                                                                                                                                
                                                                                                                                                                                                                                                                                                                                                                                                                
                                                                                                                                                                                                                                                                                                                                                                                                                
                                                                                                                                                                                                                                                                                                                                                                                                                
                                                                                                                                                                                                                                                                                                                                                                                                                
                                                                                                                                                                                                                                                                                                                                                                                                                
                                                                                                                                                                                                                                                                                                                                                                                                                
                                                                                                                                                                                                                                                                                                                                                                                                                
                                                                                                                                                                                                                                                                                                                                                                                                                
                                                                                                                                                                                                                                                                                                                                                                                                                
                                                                                                                                                                                                                                                                                                                                                                                                                
                                                                                                                                                                                                                                                                                                                                                                                                                
                                                                                                                                                                                                                                                                                                                                                                                                                
                                                                                                                                                                                                                                                                                                                                                                                                                
                                                                                                                                                                                                                                                                                                                                                                                                                
                                                                                                                                                                                                                                                                                                                                                                                                                
                                                                                                                                                                                                                                                                                                                                                                                                                
                                                                                                                                                                                                                                                                                                                                                                                                                
                                                                                                                                                                                                                                                                                                                                                                                                                
                                                                                                                                                                                                                                                                                                                                                                                                                
                                                                                                                                                                                                                                                                                                                                                                                                                
                                                                                                                                                                                                                                                                                                                                                                                                                
                                                                                                                                                                                                                                                                                                                                                                                                                
                                                                                                                                                                                                                                                                                                                                                                                                                
                                                                                                                                                                                                                                                                                                                                                                                                                
                                                                                                                                                                                                                                                                                                                                                                                                                
                                                                                                                                                                          3                                                                                                                                                                                                                                     
                                                                                                                                                                          89      71                                                                                                                                                                                                                            
                                                                                                                                                                          504    505                                                                                                                                                                                                                            
                                                                                                                                                                          2882 3009                                                                                                                                                                                                                             
                                                                                                                        7                                                 187086383                                                                                                                                                                                                                             
                                                                                                                     4000005                                       133133330113 85                                                                                                                                                                                                                              
                                                                                                                   100330316067                                    159095377   7556800847                                                                                                                                                                                                                       
                                                                                                                  7007  697  409                                        1205    9837                      3527                                                                                                                                                                                                  
                                                                                                                  205   105    4091                                      2056 56166                   58000800                                                                                                                                                                                                  
                                                                                                                  505    306     5087                                  7905285974006                6083 99 90                                                                                                                                                                                                  
                                                                                                                  504     7901     5083                               206   206   3001            7002  303 04                                                                                                                                                                                                  
                                                                                                                  7087      1002     39093                            1     106     33           3007   69 301                                                                                                                                                                                                  
                                                                                             85                    505        160927712890061                                05                 7007    96 50           63                                                                                                                                                                                      
                                                                                            708                     903           73553   750091                             53                7901     99 99       193705195                                                                                                                                                                                   
                                                                                            2007                    7803                     190057                                            505      30282        100980477                                                                                                                                                                                  
                                                                                           78502                      906                       39003                                         7007       7901      19004  093                                                                                                                                                                                   
                                                                                           20 69                       5083                       76005                                       504         40         10000805                                                                                                                                                                                   
                                                                               7          705 107                       79003                        19002                                    903        790         37 69                                                                                                                                                                                      
                                                                               3000888945390   867356980097               19003                         40067                                7901         607           13                                                                                                                                                                                      
                                                                                  2083 7777     33777602                    740091                        19004                              7901         503                                                                             7                                                                                                                     
                                                                                    76057         3883                         200057                        50091                            903         305                                                                            303                                                                                                                    
                                                                                      109        903                              390093   14                  75006                          504          90                                                                            306 7 391                                                                                                              
                                                                                     505          2091                              7290067 93                    20093                       7007         209                                                                           7883 905                                                                                                               
                                                                                   109 34887   996533803                     757        1900901                     760091                     204          902                                      72900000000061                 4577 1030044                                                                                                                
                                                                                  2000093 69  50 124900003                597201193        30005                       30003                    903          001                                  380041         2804               7609908 3 83                                                                                                                
                                                                                 1637     301 04                         7340849027           5004                       750093                 7007         1097           151                38091     733337     505                503   749964231                                                                                                          
                                                                                          704107                          7405 50427            5005                        190057               209          505        41 503 73           3005    1400096990082   305               189    54699453                                                                                                          
                                                                                           5899                           48340506                2004                         38005              902          902       300000003         108302 790837        7406  401            28059814799                                                                                                                
                                                                                           1003                              29                     5005                        345005            709          1001     35887 380097      502101 504              709 303          209573 5029805                                                                                                               
                                                                                           790                                                        50057                     143 5003           903          509     119031508        601301 981                705987                 507 72067                                                                                                             
                                                                                            56                                                          50061                    2573 4001         202           605     5056055807     403103 687                  5001                  407    62                                                                                                             
                                                                                                                           135569988000000008999645237    28091                   3727 79097       105           7803       401        105799 303                                         24                                                                                                                    
                                                                                                                     36000065317                77135600009558087                        3005      305            3097                 487303 60                                                                                                                                                                
                                                                                                                15808517  71356999665551                 7733548081                       76083    305             605                 86 501 99                                                                                                                                                                
                                                                                                             50093    158063                                    78087                       3806   603 1553        3807                84 301 207                                            713549800000096537                                                                                                 
                                                                                                         140927  729093      735690000008888800000894231          19091                       5087709     34957     209                997784  987                                    13490089652311777777132599008437                                                                                          
                                                                                                       5003   290057    7590006237                 132490008637     30097                      300803        3661    902               503 761  602                              729000431                        7290092                                                                                       
                                                                                                    16067 758082    75900437                      7       735900927   3005                      7809            55   7007    502        887      38041                      734800437     735980000080000888657       729082                                                                                    
                                                                                                  3883 300091    79005                        392102            7500057 3001                      5001                109   78989       7887   37   3900921           159000041       19000637                11          76003                                                                                 
                                                                         13                     1083500082    75005                         777800000957            190061406                      1002                505   987603      7901  1893     159800000000089537       71500067        777177777          90937    3002                                                                               
                                                                         397   77              20096006     3002                            15909 10617                 3608003                      4001               402  309 7905      309   190851                       39000083     7290009964446980000621      39057   7905                                                                             
                                                                    737  301 7697                7605     5083                              72590000961                    360097                     39097             7903  3097 19061     6067   35800864555554989      39082 602    160053               73580851     5091   3802                                                                           
                                                                     3091506409                 903     5097               15498000943       7 96 58 7                        3004                      3809              002   405   38085    50067     77777380002    38091   097   3003                        738083    1803   309                                                                          
                                                                       605 799335551          306     308            75900084237777358097              790000008437             6081                      30093           7003   1003    36008537 280095255900093    74003    709   1803                              3804    3097   907                                                                        
                                                                  7598809   306537           807    1801          200857              7907           30057     7590008453117736009905                       75800637        904    79047      154998999996537     75002       99   505                                   3001   505   502                                                                       
                                                                  73337785718047           704     506         39082    37             503         2003          7  724980000085   409                          34800927    7909      40051                    350047        207  302                                      3097  1887  502                                                                      
                                                                       9059871509         503    1881       76093  73  202  54        209        5097      72900000000957           7003                           7 734083   5003       350009537      134900851           799  784      30000093                           206   503  302                                                                     
                                                                     1097 607   77       601    3067      79091     403305905        204       2081     39000417    73400095          905                          195   7293  1804          7356900000086237               105  303      9906 7509                           7881  303  503                                                                    
                                                                     11   307           987    302       9057        3085504353      7       5091    380061 53           1500092       508                           487    77   5005                                       105  307         407 106                            505  303  987                 77                                                
                                                                           7           987    202      209       3000007 190951     79232680097   760093 31 53               1600093    3001                          202          9002                                     705  303          05  90                             506  507 302                 96                                                
                                                                                      997    503     1007            60908904        7356093   390047  7 317                     1580092 7802                          7601          40091                                   50   607        303  90                              308  99  401                807                                               
                                                                                     407    303     506            789  04 752          7   390041                                   360004003                           1091          50002                                 104   903      104  305                               306 73  305         593   1007    367                                        
                                                                                    507    705    7903                  43              7580027                                          1500093                           75061         160091                               304   3808649083  306               3980000000008927  302     88          300975485 28067                                         
                                                                                   302    798    1087                                200002                                                  1600047                          74047         200057                             1097    1253    902             50061           29000248     403           28097448067                                           
                                                                                  704     407   304                               280093                                                         3600093                         75993         500041                            500517   734005            1905    35555524998004360003  7 202       7323542  7765                                             
                                                                                  90     305   704                             740093                            3                                   290082                          29927       1400041                           16000000841             405      7133317          198    305      74999995   280063                                          
                                                                                 501     98    09                            58093                              907                                     7390063                         15651       1580093                                              7981  3900008000000843       703   305           29095691322565                                        
                                                                                302     303   901                         38002                                7001                                         76000000061                     73537       1900047                                          98720095680082    39000061    05   202         7409  904                                               
                                                                               305 7    997  306    12                 390047                                39085900637                                       77  71290057                                759000437                                    204047       16002    35568083 99   603        7603   204                                               
                                                                              704 503  302   90185  901  23         760003                               7500081    3900093                                              4081                                  75800063                                 9097            7905    141 38008   887                05                                               
                                                 3                           186 2087  501  108  208890805       140061 303                          35800092           2900857                                            3991                                    159000953                            06                1903   7697 7801 305                 23                                               
                                                101                         109 5006   997  704 7 305 3082    390047    967           35       73400080927     7            390063                                   7       752                               153     729000092                        37                  203    402 39  901                                                                  
                                                303                        306 40305  105    05  5090005423480051     7097           5 33  3600092738006         11 53         39000957                              7567                17                      15957      3580008637                                       302    50385 1800999965237                                                         
                                                502                       503188 302  303        333748000057       7803             32 90005 3  18002            3990333 73580857 39000953                             601               75943                      3993        75800000937                                  303    5003 503505  12490000957                                                   
                                                905                      907506  301  503         3140047        72002              720006   11 4091          38000832600853          300835627                          7991                 1596217                   149437         3680000095317                           407    607304  7887    7   34800937                                              
                                               7099                    3055047   207  581           3085006233590057              280061      3091                 99900377             38083 7331                         74857                   1246627                  726651           1249000009421                      84     88097 7  505   39092    350085                                           
                                               70387                 7600047     507  581            308773464537              390093      2 504                  9021505                 20097                               349421                    1356421                 7355531            735600000094517              503     99303    1097    36082  77 360057                                       
                                               20 03                7902         20   501             7909                 7600087         5605                   1    737                  2009                                                              735653                                        3590000008921       305      097981    603       5097 123  5002                                     
                                        7      49 95      727                    307  583               200827       773600091 05          905                                               76003                                                                 712531                                          3590000000943186   387106 505    505        3097  753 79057                                  
                                        9047  785 587  72002                     303  203      909097      260000000000003    507        7003                                                  79001                                                                     71                                                735698097  387 10677901   3097        1097  402  5091                                
                                         90983703 307196903                      703  302     96   99           71117 302    302        3001                                                     2006                                                                                                                            987  59   304  505   7881         502185903  606                               
                                          597380  70837987                        04  104     40  185                607    403       7905                                                         50047                                                                                                                         981  59    304 1 903   505         79025  901  404                             
                                           393       7997                         99  789      14993                201  75087      76001                                                            6005                                                                                                                        981  50     20535 1097  109          504   306  108                            
                                    1325698863       38089652317                  207  601                         10998841      750061                          79                                    50097                                                                                                                     403  307     305787 2047  506         77     403  402                          
                                  3000953177            773600081                 103  203                          2009537773590085                      691    86                                     75009   337                                                                                                              203  702      105 85  504   6095457           205  205                         
                                         71506       20477                         687 196                            73566964237                          30855002                                        30083  7252                                                                                                           184   98       7807283  30230943983            305  304                        
                                           06 35   92 385                          303  501                                                                 4532 49                                          30005   7563                                                                                                         60   303        204 2155 52 86137    74537     303  104                       
                                         78550907 10298609                          907 105                                                              73609   70008957                                      760083   7561                                                                                                      304   60          5097 19917 202  7 7800003     501  104                      
                                        30091 703 297  16007                         06  90                                                            755371811149                                               20005    393                                                                                                     501   05           5083 78837 983   301703      99   305                     
                                       753     95 64      7                          305 304                                                                10037903                                                740093   7547                                                                                                   401  105            16082 39913803             705   501                    
                      75                       49 02                     62           502 407                                                               487   55                                                   60083    54                                                                                                   907  302              39002 7  2003            507  194                    
                      303                      30707                     99            502709                         303      763                          1                                                           300083    52                                                                                            1     903  304                360063  3883          703 57301                   
                      406                      7059                      98 997         306103                         804    500                                                                                        3086003    27                                                                                          53     402  798                   38003  803         95 55785                   
                      900                      7804                  200694005 77        19009                         5448138587                                                    12                                   20974097                                                                                              35      305   502                    160837903       49 38748                   
                     18392   121                602                    307  90006          7901                        197204793                                                     727                                   405 7902                                                                                             357      104   788                      79027081     59730220                   
               50999489 20999047                503                  728027905                                  3455549897   206537                                            733                                          902  309                                                                                            361       104    206                       603204    597 65307                  
                 403       60                   307                  23  605388                                  739085         7600093                                       30006                                         3087   80                                                                                           161        305     505           79000083   7887907  59    20                   
                   96     407                    1                       387  77                                      303    20537                                             2957                   7                      905    407                                                                                         393         403 505  6057       105  75503    302507 66    40                   
                  481    7 7981                                          73                                          58760350349                                                                     403  7                  508     381                                                                                        391          89  9006  2002     687 7  7301     4930385   799                   
                3009806 309898097                                                                                  19084183622006                                         6003                    997302389                  3807     367                                                                                       44           501 20 5097 760937 1047 77  05      283003   303                   
                17   38194                                                                                        283    699   1801                                      78003                     5008005 31                380173     37                                                        77                           783           105  05  3005  7500990005  607       10504  199                    
                      9603                                                                                               504     7                                         7                    180003  50051                3007727                                                      735642317                            587           789  98    16047  75942326007         10401 601                    
                      500                                                                                                303                                          52                            9099004                  409  21                                                  39841             7133222317            705            799  501      3003    7337        35   7690097                     
                      106                                                                                                 1                                           33                          709388  56                1805  21                                             736951          734000086553333325445377     89             768  303        1003               302 11502                       
                       53                                                                                                                           29                                                89                    6097  33                                          75657          34000951                   133  987             799  102          7902               95 57907                      
                                                                                                                                                    50                                                                     4091                                             3527          1600927                          788               789  102            3083              5515704                      
                                                                                                                                              77    401  7891                                                             9097                                                         19000009427                        505                302  102              209              3351401                     
                                                                                                                                              705   905 5097                                                            70097                                                       750003  1348000008517               3001                 501  303               7901          17 3 6104                     
                                                                                                                                                4057098902                                                             4003                                       33              20005             12680008421      16091                   98   401                 503         502  3598                     
                                                                                                                                                 30835302                                                            30097                                     7557            390091                     3590000631992                     305   90                   507         903  5901                    
                                                                                                                                              156943  1256800005                                                   50081                                    7553          75900041                             739000957                    89    09                    40         704   401                    
                                                                                                                                          1000000885  365377                                                     60083                                    563        159000093                                      3600092                503   305      757            04         987  503                    
                                                                                                                                                 785353097                                                   7500057                                  7351 712680000089517                                              75900857          302 75 60    77 780781         207        203  401                    
                                                                                                                                                7609082906                                                7500067                                     772900009421                                                          75000937     706 752706    18060006731       703        105 798                     
                                                                                                                                               3001706  1891                                           1900827                                      28008517                                                                    729008577097 34 50     9005  7093        701183     705 305                     
                                                                                                                                              105  304    31                                         50005                                       190083                                           759000000951                      729008  757705      180235003        301 82     705 997                     
                                                                                                                                                   303                                             4009335961                                  280027                                          160951     715804                      188  33 799     780638095097503    507 84     702502                      
                                                                                                                                                   38                                            5004                                       20006                                             605 39000000005  90                    304  501 907          903    189    04  84     30505                       
                                                                                                                                                                                               18097                                  136000841                                              8814061       7580196                 7903  391 901           22     309   507  85     4005                        
                                                                                                                                                                                              4003                               3590000951                                                 60309             1000                509  304  887                   905  303  503     005                         
                                                                                                                                                                                            7809                            1490009537                                                      0996               708              5061 7903 3097                   4091 305  7097    903                          
                                                                                                                                                                                           3005                          1800857                                                           70003                7             904  7906  605                   70091 503   503   788                            
                                                                                                                                                                                          3003                   57   740093                                                                9003                          15093 340091 2047                  74005 1897   305  1903                             
                                                                                                                                                                                          005                  2115 19002                                                                   70091                      7600049000091 306483                19095  902 71 70419083                               
                                                                                                                                                                                         904                   74750003                                                                      10003                       35233804  3981 79009537       129085  7605  37 708953                                  
                                                                                                                                                                                        3087                    60093                                                                          90004                      50047 79097   305  159000000043  359097 7403 302                                      
                                                                                                                                                                                        905             3542   9083                                                                             380900637           73580057 75005       180637   771249008637 7446577903                                       
                                                                                                                                                                                       1007           6047769 002                                                                                 760955900000000000951   39005            380898896537   72995491 3905                                         
                                                                                                                                                                                       309          304     9007                                                                                     14809531177777135600063                 740937      39553 739082                                           
                                                                                                                                                                                       206         401     409                                                                                            7335544455337                         739008964449800951                                              
                                                                                                                                                                                       206        60      506                                                                                                                                        71333337                                                   
                                                                                                                                                                                       308       687    7404                                                                                                                                                                                                    
                                                                                                                                                                                        801     507     606                                                                                                                                                                                                     
                                                                                                                                                                                        3087   703    1905                                                                                                                                                                                                      
                                                                                                                                                                                         5097  303   3003                                                                                                                                                                                                       
                                                                                                                                                                                          3002  96 18047                                                                                                                                                                                                        
                                                                                                                                                                                           74008900081                                                                                                                                                                                                          
                                                                                                                                                                                              73527                                                                                                                                                                                                             
                                                                                                                                                                                                                                                                                                                                                                                                                
                                                                                                                                                                                                                                                                                                                                                                                                                
                                                                                                                                                                                                                                                                                                                                                                                                                
                                                                                                                                                                                                                                                                                                                                                                                                                
                                                                                                                                                                                                                                                                                                                                                                                                                
                                                                                                                                                                                                                                                                                                                                                                                                                
                                                                                                                                                                                                                                                                                                                                                                                                                
                                                                                                                                                                                                                                                                                                                                                                                                                
                                                                                                                                                                                                                                                                                                                                                                                                                
                                                                                                                                                                                                                                                                                                                                                                                                                
                                                                                                                                                                                                                                                                                                                                                                                                                
                                                                                                                                                                                                                                                                                                                                                                                                                
                                                                                                                                                                                                                                                                                                                                                                                                                
                                                                                                                                                                                                                                                                                                                                                                                                                
                                                                                                                                                                                                                                                                                                                                                                                                                
                                                                                                                                                                                                                                                                                                                                                                                                                
                                                                                                                                                                                                                                                                                                                                                                                                                
                                                                                                                                                                                                                                                                                                                                                                                                                
                                                                                                                                                                                                                                                                                                                                                                                                                
                                                                                                                                                                                                                                                                                                                                                                                                                
                                                                                                                                                                                                                                                                                                                                                                                                                
                                                                                                                                                                                                                                                                                                                                                                                                                
                                                                                                                                                                                                                                                                                                                                                                                                                
                                                                                                                                                                                                                                                                                                                                                                                                                
                                                                                                                                                                                                                                                                                                                                                                                                                
                                                                                                                                                                                                                                                                                                                                                                                                                
                                                                                                                                                                                                                                                                                                                                                                                                                
                                                                                                                                                                                                                                                                                                                                                                                                                
                                                                                                                                                                                                                                                                                                                                                                                                                
                                                                                                                                                                                                                                                                                                                                                                                                                
                                                                                                                                                                                                                                                                                                                                                                                                                
                                                                                                                                                                                                                                                                                                                                                                                                                
                                                                                                                                                                                                                                                                                                                                                                                                                
                                                                                                                                                                                                                                                                                                                                                                                                                
                                                                                                                                                                                                                                                                                                                                                                                                                
                                                                                                                                                                                                                                                                                                                                                                                                                
                                                                                                                                                                                                                                                                                                                                                                                                                
                                                                                                                                                                                                                                                                                                                                                                                                                
                                                                                                                                                                                                                                                                                                                                                                                                                
                                                                                                                                                                                                                                                                                                                                                                                                                
                                                                                                                                                                                                                                                                                                                                                                                                                
                                                                                                                                                                                                                                                                                                                                                                                                                
                                                                                                                                                                                                                                                                                                                                                                                                                
                                                                                                                                                                                                                                                                                                                                                                                                                
                                                                                                                                                                                                                                                                                                                                                                                                                
                                                                                                                                                                                                                                                                                                                                                                                                                
