       



                                                                                                                   
                                                                                                                                                                                                                                                                                                                                                                                                                
                                                                                                                                                                                                                                                                                                                                                                                                                
                                                                                                                                                                                                    1   5                                                                                                                                                                                                       
                                                                                                                                                                                                  2 7 1 5 9 9 1                                                                                                                                                                                                 
                                                                                                                                                                                                 6 6  15453  9 3                                                                                                                                                                                                
                                                                                                                                                                                             5  5  00003     3  6                                                                                                                                                                                               
                                                                                                                                                                                               1 9000            9                                                                                                                                                                                              
                                                                                                                                                                                           7    0009 294   09    17                                                                                                                                                                                             
                                                                                                                                                                                               7000    56 0       7                                                                                                                                                                                             
                                                                                                                                                                                               5000    38 0                                                                                                                                                                                                     
                                                                                                                                                                                                0001   0  36        1                                                                                                                                                                                           
                                                                                                                                                                                   50      7    5000               16                                                                                                                                                                                           
                                                                                                                                                                                    3          7230009          2  8       96                                                                                                                                                                                   
                                                                                                                                                                                    2        37 31 30000096901 9  9                    70                                                                                                                                                                       
                                                                                                                                                                                                 6 1 3      9 6                           93                                                                                                                                                                    
                                                                                                                                                                         09         10161            1 1 7 7 3       63       1        4      91                                                                                                                                                                
                                                                                                                                                                           0      9        00            1             1    0 2       9           8 7                                                                                                                                                           
                                                                                                                                                              3 717         3   6                                      703           5              67                                                                                                                                                          
                                                                                                                                                          24 9 51 96 37      90                  748894555598847                    00             5                                                                                                                                                            
                                                                                                                                                        731  92 6793 7 3                   287 72893         36057  947                   291     9                                                                                                                                                             
                                                                                                                                                         3 3    6    0 9               87 95                         30  43                     70                                                                                                                                                              
                                                                                                                                                       8  2     6     9 3          70 26                                  8 19                                                                                                                                                                                  
                                                                                                                                                      7572    5   5   3 12       8 61                1254521                 5715                                                                                                                                                                               
                                                                                                                                                        9      7 3    5 80    12 9            95    712545277    307            0    9                                                                                                                                                                          
                                                                                                                                                       94 4     6     3 13  2323         197  447  12699999953   591  45       7      2        1 91379 07                                                                                                                                                       
                                                                                                                                                        47  5   6   6   0    9        74  07 707                  92  8   0     8    23      3 0 03  30 0                                                                                                                                                       
                                                                                                                                                         724   151   9 7      1     8  9 787                       19 61 97 51 4 816 712     1 6  02    8 3                                                                                                                                                     
                                                                                                                                                           18 32 0  7   0    699536 13709                       0  07    47 9 757 6    4 9  0 9    1  703168                                                                                                                                                    
                                                                                                                                            37793 9                   3 9  78 5 0 15 9  947 793              9 19          7678 372 7   77076 7 798 75   92                                                                                                                                                     
                                                                                                                                         9 4  3451 1 57              3 9   28 7  349         787 18       8 72             1572 5 8       14 893    7    330                                                                                                                                                    
                                                                                                                                       4 33    5     878 3          3 5    836 3 54 0             91 6312 0              0 6   3 3 77      23359    04  919                                                                                                                                                     
                                                                                                                                    51 0       2       7385          9     33 6 3   0 0              97319             1 9       8 6 4      3463278621716    5672 8                                                                                                                                             
                                                                                                                  09                8   07     5      52 036       19      9 9 1      0 0          8 2   8  5         9 1        80 5 3       9  89 19 1 4697909905 506                                                                                                                                         
                                                                                                                213                9 15  6     3      1 1 95      91      5 377         4 9      9 67      79 2     4 9           46 9 2     5 7       9375          375             106                                                                                                                        
                                                                                                              8   3               1 0     6  9   72  7   0 757     5     9 0 53           4 8  3 5     0 58 5 17 2 33           57  9 77      44      908 28        91 05             4                                                                                                                         
                                                                                                           33     2               6753     10      27    7 378   02     7 3 8 75            57673 3 400000000690 0 0           5 2   32 9     7 1    798   562    854   93            5                                                                                                                         
                                                                                          1            903        9                465     54     7 3    3 19     6     6 27    8           0 8 9 50000000000000 878 0        1 9    2 9 2     50     27   1 0 00 4 4    72           7                                 7                                                                                       
                                                                                     5 3  3 9  1        775       7 4             455     3   9326   2   41 37  5 7     77 0  73 45999421 7177  07400         97009  6 81359997617    73 4     9     9     9  8934  4    23         1984       59                       1                                                                                       
                                                                                9  5    1 3 3 6 7           2         78          73 8   2     5      8 0 396   91  3084 8 7     13 590090 07770000 5       6 9 80003292 8421 9       0 772067 3 1   231    0 1  4 81     7     709     7     0                9    9 2 12 8    9                                                                               
                                                                                 73 2  390093  4  8           2        290         3240 5584311577326932 3 0 39246     0 61857    5732694742240008  574  7772    00000960 9713      390 5      1 3493389  1 9937 16572  9 3               774                   73 9 52 701 5 17                                                                                
                                                                                51  000000000004   87             187                8379      5       97037    58  92 9 35917     4 9 15   100007    3    5      009     8 9       150 9  754 7 3     7038          47821                38                    3 178  11 70 5 4                                                                                
                                                                              56   000000       3   19         05          98         198 347  5   7876  28077  49  45 9 35          1 4      000     3     9     009    2 0 2        2 9   93 1 1         0         0 2                          05           3974 00000000 0 78                                                                               
                                                                             93   000002             147                                 1  99 3 45979    197 4793     0 91         3 0 8    15005    07   89    900997 9 2  57       9 2      5 3          21499631981                                         19 0000000000 359                                                                               
                                                                                 200000                  322222222232322223333333333333233333311771730  523803629      5 9 7       1 9  777  900001 4 0     8 9 10000 771     9 7     0 73     972          008008623333332255522222332322222222222222227  00008803000000000038808899                                                                           
                                                                                 200000                  777777777777777777777775477777771777777777772 34 5  2     44   77 0        8    3 3   0000 6         4 900  0 0       9 3    72 9   92          79 75123711777777777777777779777777777777777777       3 3 0000000000 315                                                                               
                                                                            79    000008             760      77                55                3 2 4    95           1087      73       6 5   3700003   700000788            8 7  4 001           107    5947 44 6               76          7             22 99 00000000 0  07                                                                              
                                                                              26  70000005      8   367       41                54               54 96  52      14927            7259965317  4 970 70000000000909 978   135499421             3993      18        9 567              6          0473325705      721197 11 7879 7                                                                                
                                                                                67  000000000009   0     103907              1  54        3      7 1  797 77 86           390927                                                  7290857          305  0        3   0            85  395         6    9        1  5 127181  4 8                                                                                
                                                                                 73 3  600009  2  6           3          3   7  56  3   7       977     7437 3     08637                  713556999999999999999999452317                  715807  8769 7  529 70    6 38       8 50000089805        5 6        2    9 5 3  2    17                                                                              
                                                                                   8  7 6 5 3 4 7            709          6 7 9 5953 9 6   9    9 719497523   98    10     3 372900921                                     7358009372 3     02     9767    7        2 7      9 00008                803                 3                                                                                       
                                                                                     6 7  5 9  7            1          9  5 6779597307 5 6         6    5  93 1 5   3 3     1 3 4       2 8           70  95               8 8   1 3 3 1   6 7   93 96 1   3 428    6  4    9 0000   37                                 3                                                                                       
                                                                                          3               14             75 88      758 72   3   95 17 2     435     1 2     9 0 9     15            879  55 16              9 90 8 0 79  0     6    16 3 5     77 0 1      790007  0  0 0                                                                                                                      
                                                                                                          37          53  837         0783         71  58893  429     2 2     0 71 5 9 2          97 8 9  2   87 93           3771 9  35 9 1   3 2   1 7732      0 533     3 0000      005500                                                                                                                   
                                                                                                                          70           37            97 114  5   01     19    135 5779        63 34    9  5      791 192    21 5 979  3241    3 9       7 85    331        7 0000     3934 8                                                                                                                    
                                                                                                                        7740           057                 787    9 7    01 5  5 37 97 8 59  70        6  5           307 3 79 37  9 53 0    4 2   90      81  19           570000   3    3                                                                                                                     
                                                                                                                        39175         0 393             31  5 9    2 5    3 6   73116 79 19            9  5            53 97 55965319573    071      5 9                     570000                                                                                                                             
                                                                                                                     7    3 357     824 27            3  0   1      7 0     079   2   0  36  65        9  5        29  97  0       0 8     2557       0 72            001     8 800002      3                                                                                                                   
                                                                                                                       6  4 31 335691 0 4  4         5 9     3 5      9 3     9 65       43  297  149459  454941  393  25        8 8     4 9 12         2 37      152   3       36 39009563                                                                                                                     
                                                                                                                          973 8  54 77 1            5 9       9 4       12      8 9          46     3900  0093     85         33 9     1 4    97          791     1      5                                                                                                                                      
                                                                                                                         9   7   4  3    4         9   97       7      27279      35 87            34990  89941            79 9      1137      9 997      3 7             4                                                                                                                                     
                                                                                                                             2   5   4            7 7 70  78   5  7548  9  3 5       79 36             6  2             07 07      375720      58  13      787             75                                                                                                                                   
                                                                                                                                 2                4 8     53   9    8 9      7172        92 782        6  5       196 793        8 9  778     7574231 701 7 39      5017   31                                                                                                                                   
                                                                                                                                             419  8 8        79  00  87843     66 34          1991  7716  577   5057          0735    97 3  8 9        78   73                                                                                                                                                  
                                                                                                                                           4  3   5 9       3 4      798517      7 87 87               5  3               38 33         1 3 0            9 5                                                                                                                                                    
                                                                                                                                          0   3     7    53  8578559 4        2 6     197744           5  3          393 597 4 579     779 9            5 75                                                                                                                                                    
                                                                                                                                              7    8 631 78      43 9 9       1 18 19      301  20     4  3    36   997  33  7    7 3    376 187    70  294                                                                                                                                                     
                                                                                                                                         7    0     8  9      9 5    2 3    31 47    171 97    79 1            7 0    1  67      5  67      5719 9 993 47                                                                                                                                                       
                                                                                                                                          0    5     9  9    1 5      7   3 2 0    33  37  3     4 4          9 7    55 1          37 8                                                                                                                                                                         
                                                                                                                                           9    21     9  9  1          343 5      90     579     29          67    36 0           7 2       303                                                                                                                                                                
                                                                                                                                             91    70    9    53    207 8          65      9 3     8          0     09 6           7 1           95                                                                                                                                                             
                                                                                                                                                            7943777739507 5        77       5 3   5            5    1 53           877               1107                                                                                                                                                       
                                                                                                                                                                        6  77290950574      0 8  9              9    8 93593 86  77701                                                                                                                                                                          
                                                                                                                                                                       671       243 08417 7 52  9              9   7 9705 50108 7 4         00       6                                                                                                                                                         
                                                                                                                                                                       72 3       99        1 3  0  7356999437  0   9 5  370 03334 7             383  7                                                                                                                                                         
                                                                                                                                                                         47       15       9 9   5              6  560         7385                  37                                                                                                                                                         
                                                                                                                                                                         39 2      7      277      348945549843     90         15                                                                                                                                                                               
                                                                                                                                                                          975 0  33    33 8         7        3     57 7        5517                                                                                                                                                                             
                                                                                                                                                                            95117     6 771          7       7      73 9     91 9                                                                                                                                                                               
                                                                                                                                                                                 28 80              6        5       3 090 9077                                                                                                                                                                                 
                                                                                                                                                                                                  0 2699669963 0          62                                                                                                                                                                                    
                                                                                                                                                                                               599              9857                                                                                                                                                                                            
                                                                                                                                                                                          0     395317      773485     8                                                                                                                                                                                        
                                                                                                                                                                                        306 603    772569965317    1987705                                                                                                                                                                                      
                                                                                                                                                                                      3      509217           7712904       1                                                                                                                                                                                   
                                                                                                                                                                                      3 581                            7997 1                                                                                                                                                                                   
                                                                                                                                                                                   1  23          71355466452317          78  3                                                                                                                                                                                 
                                                                                                                                                                                  38 7967  129895317          713598921  7691 03                                                                                                                                                                                
                                                                                                                                                                                  7 8          7359800000000008953           8 7                                                                                                                                                                                
                                                                                                                                                                                  6     349537                      734963     6                                                                                                                                                                                
                                                                                                                                                                                      897                                 403                                                                                                                                                                                   
                                                                                                                                                                                                 73325554445552317                                                                                                                                                                                              
                                                                                                                                                                                                                                                                                                                                                                                                                
                                                                                                                                                                                                                                                                                                                                                                                                                
