







                                                                                                                                                                                                                                                                                                                                                               
                                                                                                                                                                                                                                                                                                                                                                                                                
                                                                                                                                                                                                                                                                                                                                                                                                                
                                                                                                                                                                                                                                                                                                                                                                                                                
                                                                                                                 50005          5                                                                                                                                                                                                                                                                               
                                                                                                             00003     00     0000005                                                                                                                                                                                                                                                                           
                                                                                                           0000         70  00000000000005                                                                                                                                                                                                                                                                      
                                                                                                         70000           000500000000009                                                                                                                                                                                                                                                                        
                                                                                                        00000         900        30000                                                                                                                                                                                                                                                                          
                                                                                                       500000       000                                                                                                                                                                                                                                                                                         
                                                                                                       000003     000007                                                                                                                                                                                                                                                                                        
                                                                                                      000000    70000000                                 03                 00         5                  00                  00                           70             0          0                 50                                                                                                       
                                                                                                      000000     00000000       70003                   00003              000009     000            00000000                00000                     5000000          900000     9000           300000007                                                                                                     
                                                                                                     7000000     5000000000    000000003730           000000000           00000000  000000         00  300000              300000000           500000  50000000        30000000   000005        00   000000                                                                                                     
                                                                                                     90000007     300000000000000000000000          09  000000000005     0  000000009000000      0007   000000           00  900000000005      000000   00000000      9  5000000090000000     000     000005                                                                                                    
                                                                                                     00000000       00000000000   0000000         000      000000003         000000   0000      0009     000000        000      000000000      000000    50000000         000000   00005     0000     0000007                                                                                                   
                                                                                                     50000000         00000000000    7          0000          0000           000005    09      00007      000000     0000          50000       000000      00000007       000000    00      00000      000000                                                                                                   
                                                                                                      0000000           0000000000             00003           000           000005           70000       900003    00000           000        000000       0000000       000000            00000       00000                                                                                                   
                                                                                                      00000000           5000000007           00000           0000           000005           00000     000         00000          0000        000000        000000       000000            00000   7 0037                                                                                                      
                                                                                                      300000000           70000000            000007         00000           000005           00000000             000000         00000        000000         000007      000000            0000000 7                                                                                                           
                                                                                                       900000000            00000             000000        000000           000005           000000               5000007        000007       000000        700000       000000            00000                                                                                                               
                                                                                                        0000000003         0000               000000        000000           000005           5000005               000005       7000007       000000         0000        000000            000000                                                                                                              
                                                                                                         7000000000       00                  7000000       0000000          000005            000000               000000       7000000       000000         000         000000            0000000                                                                                                             
                                                                                                           0000000000   03                     000000       7000000          000005            7000000              9000007       0000000     00000000       000          000000             0000005                                                                                                            
                                                                                                            5000000000009               00      000000       0000000        000000009 0         00000000             0000000      0000000    7000000000007  00           300000000 9          00000003                                                                                                          
                                                                                                              00000000000000000050000000         00000007  007000000        5000000009           900000000000007      90000009 70010000007       70000000003              000000000            0000000000000                                                                                                    
                                                                                                                 00000000000000000007             00000057    7000007           0000               30000000            9000009      000000           00007                   50000               00000005                                                                                                       
                                                                                                                     4000000005 7                  00         7000007             0                   003               00          000000            90                       00                  900                                                                                                          
                                                                                                                                                               00000                                                                000003                                                                                                                                                                      
                                                                                                                                                               00000                                                                00000                                                                                                                                                                       
                                                                                                                                                000           70000                                                  0000           0000                                                                                                                                                                        
                                                                                                                                                00000         000                                                    00000         900                                                                                                                                                                          
                                                                                                                                                 00000      500                                                       00000       00                                                                                                                                                                            
                                                                                                                                                    5000005                                                              3000000                                                                                                                                                                                
                                                                                                                                                                                                                                                                                                                                                                                                                
                                                                                                                                                                                                                                                                                                                                                                                                                
                                                                                                                                                                                                                                                                                                                                                                                                                
                                                                                                                                                                                                                                                                                                                                                                                                                
                                                                                                                                                                                                                                                                                                                                                                                                                
