                                                                                                                                                                                                                                                                                                                                                                                                                
                                                                                                                                                                                                                                                                                                                                                                                                                
                                                                                                                                                                                                                                                                                                                                                                                                                
                                                                                                                                                                                                                                                                                                                                                                                                                
                                                                                                                                                                                                                                                                                                                                                                                                                
                                                                                                                                                                                                                                                                                                                                                                                                                
                                                                                                                                                                                                                                                                                                                                                                                                                
                                                                                                                                                                                                                                                                                                                                                                                                                
                                                                                                                                                                                                                                                                                                                                                                                                                
                                                                                                                                                                                                                                                                                                                                                                                                                
                                                                                                                                                                                                                                                                                                                                                                                                                
                                                                                                                                                                                                                                                                                                                                                                                                                
                                                                                                                                                                                                                                                                                                                                                                                                                
                                                                                                                                                                                                                                                                                                                                                                                                                
                                                                                                                                                                                                                                                                                                                                                                                                                
                                                                                                                                                                                                                                                                                                                                                                                                                
                                                                                                                                                                                                                                                                                                                                                                                                                
                                                                                                                                                                                                                                                                                                                                                                                                                
                                                                                                                                                                                                                                                                                                                                                                                                                
                                                                                                                                                                                                                                                                                                                                                                                                                
                                                                                                                                                                                                                                                                                                                                                                                                                
                                                                                                                                                                                                                                                                                                                                                                                                                
                                                                                                                                                                                                                                                                                                                                                                                                                
                                                                                                                                                                                                                                                                                                                                                                                                                
                                                                                                                                                                                                                                                                                                                                                                                                                
                                                                                                                                                                                                                                                                                                                                                                                                                
                                                                                                                                                                                                                                        53                                                                                                                                                                      
                                                                                                                                                                                                                                        804              20                                                                                                                                                     
                                                                                                                                                                                                                                         009          7 005                                                                                                                                                     
                                                                                                                                                                                                                                         0908         8009                                   7                                                                                                                  
                                                                                                                                                                                              1                                          90100       0890                           72000099999999000053                                                                                                        
                                                                                                                                                                                             307                             89          90  00 7  001903                       7 8001          7   7 18008 7                                                                                                   
                                                                                                                                                                                       0     001    7                         0000037     09  00 508  03                        000 7    77000000000777   9003                                                                                                  
                                                                                                                                                                                       30037 005 3405                           508460085789   0002  00     255800004         700  7 7 90095       350005 7  0027                                                                                               
                                                                                                                                                                                         90000000007                              1002 77000    7   000000047790007           00  77 006               7900 77700 7                                                                                             
                                                                                                                                                                                         749    901                                 30031                  3008              20    300                    086   001                                                                                             
                                                                                                                                                                                    0000003      40000009                              609             28003                 08    09                      700   207                                                                                            
                                                                                                                                                                                          59    10                                  70003 7           80 7        7          08   80                         00   001                                                                                           
                                                                                                                                                                                         900902000037                            30082    7           740037                 00   80        80               405   08                                                                                           
                                                                                                  7880000000084                                                                        5007  001  3007                       38000880000000    7   187  7 088                308 7 08  7  7300                06   007                                                                                          
                                                                                             7790003          000077                                                                   9     007   7                       9000083       05 3100   10800087780077             1097  0803300000                09   903                                                                                          
                                                                                           77004    5500000657   50037                                            83                         60                                         067100 00  107   7580000057             0047   257980                 05   007                                                                                          
                                                                                           083   800077    78000 77700                                           700                                                                   00 08777 90 101         79002              900000004                  80    00                                                                                           
                                                                                          20  7900 7           600   001                                         7003                                                                 60189      00 00                                                     7003   001                                                                                           
                                                                                         208  902               7901  503                                        0006           99                                                   10907        8050                                                    7007   007                                                                                            
                                                                                         50   03                  003  007                                       0080         0001                                87                3007           0007                                                  080  7500                                                                                              
                                                                                         50  901                   807 700                         093          10  05     90000                              20000007              88              001                                             130084  73004                                                                                               
                                                                                         50  303                    05  601                         2000083     50  90  5003508                           7 00001 000                                06                                 35988880000001     8002                                                                                                 
                                                                                          08  00           07       80   01                           909 00005700  90008  907                            0000   000                                                   770000000000000000062          770000       7                                                                                            
                                                                                          305  8027      7007       90   05                             605   2604   52   08                            6005   1004                                              250000955                   355548000043                                                                                                       
                                                                                           100  300093500007        09   02                               0011          701                           8008    1000                                           800007           780000000000000061777                                                                                                             
                                                                                             8004177 30009         905   01                                 0037        88000011                     0005 7   008                                        10008         120000089                                        1                                                                                       
                                                                                                32000537           05   007                                98017        7     33000089             5002      009                                      40003        900003 7                                             00                                                                                      
                                                                                                                7 00   704                               080           50000000093                0007      000                                     8003       50004                                                    000               5                                                                     
                                                                                                               7806   700          30007              2086   330377  77 00                       000        005                 02                5007     730085               60003                                   0005            003                                                                     
                                                                                                              880    200          900900           70008800043102  808  709                     000        400            002  709   797        4081      9003                  002008                                  00 02        78002                                                                      
                                                                30000000000067                             0005 777 089          800 008         10009        50  003508  03                   005         004             900 000 500         005      000                     003 000                    007          507 05      08500                                                                       
                                                       3300000899927      35999800000093331         33500009    73088           000  003                      50 301   900905                 009          001              2090 0004        309    77308 7                     000  009                    900003      107 404 7 004 00                                                                        
                                                   8000917                            711600000000000317      60001            800   007                      40101      1000                000          7001         00000008   9091      503      003                        500   005                     10010008  107  5098037 00                                                                         
                                               70000            77773544537777      710091777        7771000000        7      1001   007                      0008         900              000           7007              501   0000009  306     700                          300   7003                     7300  400007   300   40                                                                          
                                             0003         580000095555555555480000853  5800099000000009455                   7003    007                      008          7 52            3007           700             7200090009      308     700                           500    5001                       509777 2         905555699000000000                                                           
                                          3001        000097                      7300001  30807                             000     003                      00                           008            700             007 100 708     00      00                            000     008                        7200 7          7777777   900037                                                             
                                        600       10005                                90001  90077                         500      000                     70                           500             700                 103   18   409     506         7  10  793         005      009                       19000                100085                                                                  
                                     72001    7 8003                                      70097 10827                       003      200                                                  800             7007                70         90      90          002100905         7001      900                   390003               200021                                                                      
                                     001      009                                            080  100                      900       7001                                                 009             7001                           00      09          71000001          7007       008               0000                     100 7                                                                      
                                   7007    7089                                                002  007                    009        003                                                 005              008                           08      09        380008  00995       000        500           500000000000899909 7      7 7  98077                                                                    
                                  500     300       7              9800000000008 7              700 7805                  800         7007                                                004               005                          00      09            600000017      1007         00                          08   009   00008  300 7                                                                  
                                 909 7   908    7             720000           003                00  907                 805          002                              30                000               8007                         90      90           88 707 208      000          000                        50 1589500  80  70003300                                                                  
                                504     001                 4005              7001                700  80                 005           005                             807   55          500                8003                        509     504              07         200           500                       4037007  106 801     5600097                                                               
                                09     00               77009            7000007                   709 208                002           800                        00   0027508            000                50097                       00      00                        9007           300                       050077    708 05         7005                                                              
                               00    700     7        77008         1000082                         803 08                002            000                        6008050009 7           3001                3000                       508     700                      7009            300                      8006         0305                                                                           
                              101   700               004        90053                             7 09 30                005             000                         5937350999809         1001                 9009                      503     700                     009             500                     9007          1000                                                                           
                              00    007            7 00      7 080                      90000000008 780 30                005              000                   9000003   5008              2003                  0009                     007      00                   003              000                     01             100                                                                           
                             102   303             505       909                   7 3009     7   90060 30                800               000                       7020400037              9001                  50003                    903      001               3005              300                                      408           90000000537                                                    
                             507   08             807      4007       7            3007     7997     00508                 009               4080                   75007003 1005              800                    70007                   180      908            50007               608                                                      1900811300005                                                
                             00   50             00       001                     208   700009800023779005                 900                 00007                909  703                    800                     7000 7                  00777    006       780088      7         1003                    7                                     100077  0005                                             
                             00   09            403      007                      09   809       100 7 507                  009                  6000043                  03                     000                      5008                   500      7504735000063                  009                    30                                        5005 7 74001                                          
                             00  905           909      00                       90   003 7       107   08        00        500                     300000007             7                      500                        000                    30017  7000000027                    000                     00                                          70027   400 7                                       
                             00  90            00      502                       04  707          307   08        0007       4007                       78000000017                               000                        900                    1000000088                         0002             01      000    3007                                   609     500                                       
                             00  09           903     108          6000          05  407         983   109        0190        5007                            32000009                            300                         000                60000031                             0007              70005  50107 4000                       6000           700     700                                      
                             107 05           00      90           00000         05  907        40  7  00         01505        5085                                30000 7                        1007                        1001             00005                                3000                  1060008 000309 7                     100000            00      001                                    
                             105 05           03      05          500 008        05  707        58813888         00  09          0003                                 9000                        1007                        7001           0009                                 30009                    700 24   105                        005 00             901     903                                   
                707           00 05        9 801     803          006 1007       90   00       7 73091  7       007  09          770008                                 0003                      1007                        7001         7000                                 30009                   4880002      1158000000               000  004        389  001  7  802                                  
                 000          70105       00 00      80           003  000       309   007                    700   904             10009                                9003                     500                         1001         000                                30001                 700000000877     00003                   1001  900         0000 00 50 7 00                                  
                  0008         0005     2008 00      80           003   000       5057  8027                 988    08                 00081                              800                     009                         000         500                               80001                           103 577572087                   1001   500          0040305300  309                                 
                  705009        005    8000  00      80           003    008       3887  5007              000 77  00                    9000 7                            001                   500                         900          500                             00007                           720300013000090 7                3005    500          100 006 00   90                                 
                   9071007       05   00309  00      80           003     009       100   778000311111500087   7 700              97    77 0080                            009                  7008                        400           508                           2008                              0008  5808   8000               7008     900           50  00 107  503                                
                    60  309 7      7188 90   00      80           005      000        2002     333545337   7  73003               09  7 7    0002                          009                  000                        800            508                         7000                              2003    3007      33             6006      008           708 15 100   08                                
                     08   909     788 7 05   603     405          000       000         50001      7  7   7  0005            100 7097700      0009                         009                 000                        000             500                         000         89                             007                    0009       007            00    700   08                                
                     303   3001  300   80     03  133104          500        9007          1900008233336000095                70000000977      9003                        005                008                        0007             500                        008 7  73    08                             90                    0001       300             607   700   08                                
                      30     308904    03     8000845331           009        1000              711111117                 7880000 7 4088882     500                        00               7003                        5003               003                      000      308  00  905                                            1000         300             507   105   08                                
                       00      80     00                           809          0009                                           107 720           000                      900              8007                        1007                000                     7002       100050000                                           77000           000             907   10   308                                
                        08           70000000000000000000          600           20005                                       75800084007         300                      809            7000                          000                 300                     000    55554005 3401                                          50005           900              00    00   50                                 
                         03                       00001             008             00008                                    007  09  201        700                      805            009                          300                  3007                    003     777400   0000000                                   500003             008             101   306   08                                 
                   71000081                71100083 7  7 1          9007              70000021               1111552117           05              001                     805           005                          7004                  3007                    003        30008000          712000051117             14000008               800              00    00   909                                 
              19000937                  980003    7  900000          500                  38000000089800000000000000000009  7    73              700                      805          006                           600                   3007                    003      4003 002708      900000000000000000000000000000037                 9003             301   501   08                                  
         700000                       003        00004   700          000                       790000009              70000 77                  300                      805          001                           005                   3007                    004     7     00    07 760007               3800083                         003             508   909   803                                  
      8000000000000000000003           801       309      102         7006                                                6000                   200                      800         900                           800                    000                     000           05      3000                                                3002             209   305   303                                   
                         06     99 7    90        709      103         7000                                                 000                  006                      500         000                           809                   000                       005                 8003                                                5001             805 77802   303                                    
                        001   700909     00        103      805          0007                                                6007               500                        009        000                           009                70009                        804                0007                                                000             70077 7001   309                                     
                       705   40577 609 7  00        505      200          8008                                                5007              008                        900        500                           009              40006                          300               3003                                               5000             405   100    605                                      
                       007  007      900 7 00        709      700 7         0000                                               000             500                          000        001                          009          7 00001                             008             7001                                              30001            500     38 77 007                                       
                      705 700          9007700         00       889          100097                                             003            800                           000       003                          009          8000                                908             500                                            750001            800           809                                         
                      90 604             300 08         6897      003           000083                                          000            808                           70007     000                          009        70001                                 900            7001                                         5800001           7900           4007                                          
                     105003                10004        7700  7  77 00 7           000000087                                     005           800                             00037  7 005                         800       1000                                   900            300                                     80000000             6000           300 7                                           
                     20007                   5004          005      730017             990000000093                              009           800                              9006    804                          003     7008                                    908           7006                             330000000099              30094           300093                                            
                    3009                      770           1009     773001                   719000087                          1002           008                              70008  800                          408    7000                                    3003           900                           80000031                  30001   78      7800710000006                                        
                    602                                       50077       009                      700009                         900           500                                 0000002                          70057 7008                                     006           800                         300007                    7000   700008  773000       0020057                                     
                                                                 00477      6005                      20009                        000           600                                                                  10000008                                     000           5006                       50005                     32084000095     5006           2087007                                    
                                                 9000000 7      7 7000        70003                      0001                       000           0007                                                                   77                                       000           7005                      70003                   0008570017 7    30001                08 003                                   
                                              7009   77900         033006        40007                    4003                       000           0003                                                                                                         1000           4001                      3000                 30001         7720000          7         301 80                                   
                                              06   00459004       703 005004        760043                 1006                       5006 7        5009                                                                                                       9005          1000                       3005               50083        1500005            509          00  06                                  
                                             00  3007   700       00 305  75000         700002              7009                       70009          000                                                                                                     000          80001                        008              0007       0000037              1009           00  90                                  
                                             01  30             7401 50       180091         80000011        900                         400007        5007                                                                                                  005        100006                         908            7808    7100005                    000           305  90                                  
                          989                01  108            907 604           3500093         334000000000008                           300006      900                                                                                                  002    6800003                           5007           609  7 90003                        0800         200   09            8009                  
                         00000               00   70077     7 800  309                  000000          7     300                              80000000000                                                                                                   1000000008                               005           0037  080                            007003 7    009   802           00000                  
                         0052003              06    90000000006 17602                        499000000043333333000                                  99994                                                                                                                                             005          00   209                              3007380000083 777903          3002500                  
                         809 7000             7006       7    7 500                                    711111112007                                                                                                                                                                                  000         700   007                                 004 7      7 900           0007 500                  
                         700   8005             50007  7    72000                                              3007                                                                                                                                                                                  003         007  00                                     000005280000 7         4000   008                  
                          809   70005              560000000053                 5580000557                      000                                                                                                                                                                                 7001        309  907     7540000055                          55557            50007   900                   
                          500     400077                                    70000000680000006                   1001                                                                                                                                                                                006         20   05  7 0000004300000001                                    770005     009                   
                           808      80001                                100008           40000                  9003                                                                                                                                                                              000          00  807130008           800001                                10009      800                    
                           7009       30000                           7900061                0008                 5005                                                                                                                                                                           1000           08  8080007                500087                           90003       5001                    
                            3007         000001                     00000                      8008                1000                                                                                                                                                                         9008            00 75000                      000003                    700000          003                     
                             900           7900000931         130000083                         30003                8005                                                                                                                                                                     30003             20 0002                          900000337       73300000097           009                      
                              000              71800000000000000001                               30001               70008                                                                                                                                                                 00007               10000                               71000000000000000617              000                       
                               000                                                                  80007                0005                                                                                                                                                            90000                  0007                                                                 000                        
                                008                                                                   80005               30009                                                                                                                                                       500082                 50005                                                                  000         37              
                                 800                                                                    300003               0007                                                                                                                                                    0001                  00005                                                                   008         8000             
                                  9001                                                                     80000021          7900                                                                                                                                                    00               12000001                                                                  71006          901901           
                                   10007                                                                      120000000997    900                                                                                                                                                    9004     1999000000021                                                                    70001           007 00           
                                     0000                                                                            90000000000                                                                                                                                                      70000000000000                                                                          0080             00  30           
                                       80003                                                                                                                                                                                                                                                                                                                               30009               01  307          
                                         300008                    188000000000089                                                                                                                                                                                                                                                   80000000000089                     800001                00   30           
                            78              3000000777  77740000000000005     60000007                                                                                                                                                                                                                                           70000007     2000000000000177777779000000                   007   00           
                            306                 54000000000004553                 760005                                                                                                                                                                                                                                       40004                  75560000000000052                     00    506           
                            3007       7 0                                           10005                                                                                                                                                                                                                                   50001                                                        509     09            
                            3000       805                                             8009                                                                                                                                                                                                                                 9009                                                         005    100             
                            30701    9004                                               1000                                                                                                                                                                                                                               0001                                                       7802 7   905              
                  002       30 00 7 0000                                                  000                                                                                                                                                                                                                             000                                                       5000   777001               
                   4000037  30  05606507                                                  3009                                                1300000000000000000000000005331                                                             333600000000000000000000000063                                                 4001             1332900096333                         350087    71009                 
                     3001000007 504 107                           28000000000000000000084  1006                                             8000000000000000000000000000000000000083                                               5800000000000000000000000000000000000007                                             2001         780000911177771119000008867          58800001     7 80003                  
                       9887  5     30033333333545            7400003    7 7777400000084000000003                                           000000000000000000000000000000000000000000001                                      7000000000000000000000000000000000000000000000                                           3007       70006                       90000000000002         700003307                  
                         0097       333113800043           9005      560000955537      7355540009                                         00000000000000000000000000000000000000000000000617                              7 6000000000000000000000000000000000000000000000005                                         9007      6001                                             560000 00 10       75503       
                        77 00       7000067  7          7004      00007                        9008                                       00000000000000000000000000000000000000000000000009                               00000000000000000000000000000000000000000000000000                                       8009      890          900000000000000004            79000000800  300  10 9000000007        
                         005        903                408    72005                             100001                                    00000000000000000000000000000000000000000000000000                              000000000000000000000000000000000000000000000000003                                    100001     700 7    7 70008               19888800000088867       80       887  7089           
                     7 902  199  427 709 7            007    000                                   300009                                  00000000000000000000000000000000000000000000000005                             00000000000000000000000000000000000000000000000003                                  480005       506     7 70037                                        7 60      7  9801             
                     300 000030  0000  802           00     00 7          9000000003                  600000007                             100000000000000000000000000000000000000000000000                              300000000000000000000000000000000000000000000000                               20000009          09      3000000005                                      288       080                
                    900097   10780  79066097        00    306         200000999999000003                  19000000007                         900000000000000000000000000000000000000000000                                400000000000000000000000000000000000000000082                          70000000099             00  7300000899998000003                               7309 7       00                 
                   027       10703     10000       201   801      7700001           7500004                      7004                            79000000000000000000000000000000000000003                                  7900000000000000000000000000000000000003                              0007                    01600001            10000 7                          280  4003      00                
                             70007        30077    00   104      70009                  900007                    009                                 900000000000000000000000000000003                                        500000000000000000000000000000005                                 700                    7000004                  0000                        50000003 03 80097 00               
                              005                 700   00   7 78004                       500000551         15500001                                      1558000000000000000455                                                  550000000000000000000453                                       5000553          754000002                       60057                    0053     10 503 100508              
                              007                 706  50     5000                            750000000000000000007                                                                                                                                                                                 300000000000000000027                           70005                            30 03     0000             
                              00                   00  90 7 10085                                                                                                                                                                                                                                                                                     9008                           3000        609            
                                                   00  00  0006                                                                                                                                                                                                                                                                                         6009                         300                        
                                                    01 907000                                                                                                                                                                                                                                                                                            700077                      80                         
                                                    80740007                                                                                                                                                                                                                                                                                               90801                     09                         
                       8008                          80001                                                                                                                                                                                                                                                                                                   90004                          8008                
                      500000007                   700005                                                                                                                                                                                                                                                                                                       500007                   700000000               
                      1007 75000008553       558000057                                                                                                                                                                                                                                                                                                           790000953        359000005  7001               
                       000      760000000000000007                                                                                                                                                                                                                                                                                                                   7000000000000000077     000                
                        000                                                                                                                                                                                                                                                                                                                                                                 000                 
                         008                                                                                                           1998000000991                                                 399988889999                                                   4990000000991                                                                                                          800                  
                          900                                     00000000000000                                                   000000000000000000007                                        1000000000000000000000                                          100000000990000000009                                                  60000000000009                                     009                   
                           50007                             360000093      198000093                                         75000009               900003                                  3000084        09 108 9000003                                   300009               9000003                                         75000000  9017 490000057                              8005                    
                            700077                         900003                3000097                                   4800003                     150009                             200003          7037200     7200002                             700003                      200004                                   7900003   00  3097     300009                          70007                     
                              70005                     000007                       000006                             200000                            700002                        00000            105 809          00000                         00004                            900008                             500000        80   05        300003                     500077                      
                                60005                300003                             9000037                     3900009               33000000899999999980000037                1600091             109 305             7900027                 300009 7    737                     13330000083                      300009            80  303          900003                50006                         
                                  7000081        7800003                  14988893         10000082            480000081             78000011   7   7           100000089      980000007       7        08  05                 100000086      480000003     85  10                 580000411111000000085             8000001               708  801            400009         7800007                           
                                     7000000000000004               700000085317000000000877   50000000000000000000               60009 7  7 7000000                 5000000000000057          7       90  00     7                7000000000000002          00500 300          50003               80000000000000000009                    00   09               9000000000000007                              
                                          355553                 50062     3900957      5000005 7    3555553                   50062     500053    7 55600000000008552             90057              709 703                                              7730060007        1005                      280573555557                         10   90                    355552                                   
                                                              72007      8807              300800                          7 08077  7 000377    000009777         773000004          7080 7           80  507                                             730005 70000097  8807        90000004           0837                              10   90                                                             
                                                             700 7117  300                  700 001                       7808     3008     50006                         80001         004           00  00                   1000000091                   10000000   111001    79000887    28000017    77700                              50   90                                                             
                                                            606  001 7903                     00 50                      005    760037 7 8003                                300877      3005         03  00               740031 7    300047               07 505 60 7700 7 7790027              30897      002                            00   00                                                             
                                                            03  007  50            086        305 00                   090  771180 7 1 005                                      3005       300        03  00               00 7 7  394    100 1                50   3 00 7 77080                     0057     9097                         30    09                                                             
                                                           00  103  609          500 7         05 407                600 7    0077 72007        75000990009                       3802      700       03  907             097  0009999900917380                  77 0027  3004                        180      508                        909   00                                                              
                                                          301  60   90    7      009          807 80               9807     5007  60017        089   80008989                      7 0917     003     00  707            00  4817        900 700                  00317 70037                           00      7007                     909 7 803                                                              
                                                          00   00   08           0007 7    77503  00            77003      9037  009         7007 3005   10003                      77 00      803    80   00            08 50             08 303             7 090   7300        037                    08   7   099                 770077  001                                                               
                                                          00   00   80           80609     5007 700            1085 7     807 7584          7097 602       503                          003     803    09   03           00 08             301 00             809  7 2083         809        52          30 8067 7  9082            3400377 700 7                                                               
                                                          00   00   901           08 10000087  908           48071 07     77 7001    7      00  507         03                         7 909     00    904  005          70350       7      00 80         7 0037    004           7000    1000           10450000 1   7000000559000005    90077                                                                 
                                                          00   10    00           730001177130803          1005  000   71    00             00  90                 710000000001           500    100    00   8057          000017          709 80        3005  771100              0980140000             00303 4003        59961     710006                                                                    
                                                           01   00   700              33800631          3809 773000    901  801             00  90              700000000009272005         303    10     00   509            380           50  00      00937  777003               90  03 89             104603    3000892        6900003                                                                       
                                                           00   700 7  0077                           000   7 08107   300  909    7  7      007 503           5008          088  00         007    00     0077  00 7                    775087203   0003    17 090         80000805  17  900             30 00          700000000087                                                                            
                                                            08    007   1003                     720083  7  086 00    000  09               7007 907        7004             100  803       706    807     9997 110037                   904 70936009        098              7980003  7   190037        08700                                                                                                  
                                                             00    806    16008              8800017      8897 309 775000 807                 003 308 7     06                 00  60        007   707       089 1118009              70087 100003     7 77003                    807 8  000000004      00 501                                                                                                  
                                                              007 1  005      1000000000000009        7 400    30    5000 09                   9007 000877700    7              01 309        01   707      77 09077 7 00000857734000001    14        775005                     3050900704            80 700                                                                                                   
                                                               409  7 74005                  751   7 5808      30    0990 03                     140000000001                   05  00        03   707           500437 7   3555553                 39004                        00027 5000        7 509  00                                                                                                    
                                                                 080 7   780000          2000007 7 0003        30    0970903                             000                    01  00        02   707           7  700007                      600001                          001      9803     70801  00                                                                                                     
                                                                   9002       7880000000883    18009           30    09  901                            3000                   00  50         03   507           17     78000000411111111400000083                                         180000089   700                                                                                                      
                                                                     7200091              1980093              301   80   1                             9850                 480  605        701   00        2   00 7          733333333337                                        9                  606                                                                                                       
                                                                          200000000000000005                    00   50             6000000             08701         30000000 3 003         00   101        809100 085                                                            00              77003                                                                                                        
                                                                                                                607  300          900333  3803          08 00          70093360003          703   00          5009089  7                                                            9887         15002                                                                                                          
                                                                                                                700   40         0003116001 108         00 703            7111             100 7 607       900082  00000                                                              3000000000001 7                                                                                                           
                                                                                                                 301   00        08      90   01        30  604                           700  7909           08000027                                                                                                                                                                                          
                                                                                                                  801   00                08  00         00  208 7                      7208  7805          509 30 508                                                                                                                                                                                          
                                                                                                                   805   001             108  00         100   988                    7 0057  001               10 7                                                                                                                                                                                            
                                                                                                                    909   90917       7 100   05          7007   8007               71088 77300                                                                                                                                                                                                                 
                                                                                                                     108    30096     90057  00             0027   300092        7900037 72003                                                                                                                                                                                                                  
                                                                                                                       70017 7  0000006 7  7007              3009  7   700000000003   7 8007                                                                                                                                                                                                                    
                                                                                                                         50083    7    7 3089                  390037               35009                                                                                                                                                                                                                       
                                                                                                                            150000000000027                       14000088899888000001                                                                                                                                                                                                                          
                                                                                                                               7        7 7                              749892                                                                                                                                                                                                                                 
                                                                                                                                                                                                                                                                                                                                                                                                                
                                                                                                                                                                                                                                                                                                                                                                                                                
                                                                                                                                                                                                                                                                                                                                                                                                                
                                                                                                                                                                                                                                                                                                                                                                                                                
                                                                                                                                                                                                                                                                                                                                                                                                                
                                                                                                                                                                                                                                                                                                                                                                                                                
                                                                                                                                                                                                                                                                                                                                                                                                                
                                                                                                                                                                                                                                                                                                                                                                                                                
                                                                                                                                                                                                                                                                                                                                                                                                                
                                                                                                                                                                                                                                                                                                                                                                                                                
                                                                                                                                                                                                                                                                                                                                                                                                                
                                                                                                                                                                                                                                                                                                                                                                                                                
                                                                                                                                                                                                                                                                                                                                                                                                                
                                                                                                                                                                                                                                                                                                                                                                                                                
                                                                                                                                                                                                                                                                                                                                                                                                                
                                                                                                                                                                                                                                                                                                                                                                                                                
                                                                                                                                                                                                                                                                                                                                                                                                                
                                                                                                                                                                                                                                                                                                                                                                                                                
