                                                                                                                                                                                                                                                                                                                                                                                                                
                                                                                                                                                                                                                                                                                                                                                                                                                
                                                                                                                                                                                                                                                                                                                                                                                                                
                                                                                                                                                                                                                                                                                                                                                                                                                
                                                                                                                                                                                                                                                                                                                                                                                                                
                                                                                                                                                                                                                                                                                                                                                                                                                
                                                                                                                                                                                                                                                                                                                                                                                                                
                                                                                                                                                                                                                                                                                                                                                                                                                
                                                                                                                                                                                                                                                                                                                                                                                                                
                                                                                                                                                                                                                                                                                                                                                                                                                
                                                                                                                                                                                                                                                                                                                                                                                                                
                                                                                                                                                                                                                                                                                                                                                                                                                
                                                                                                                                                                                                                                                                                                                                                                                                                
                                                                                                                                                                                                                                                                                                                                                                                                                
                                                                                                                                                                                                                                                                                                                                                                                                                
                                                                                                                                                                                                                                                                                                                                                                                                                
                                                                                                                                                                                                                                                                                                                                                                                                                
                                                                                                                                                                                                                                                                                                                                                                                                                
                                                                                                                                                                                                                                                                                                                                                                                                                
                                                                                                                                                                                                                                                                                                                                                                                                                
                                                                       7327                                                                                                                                    3657                                                                                                                                                                                             
                                                                   36437  7591                                       35964957                                                                                55   193                                                                                                                                                                                           
                                                               505            96                                7505        43                                                                             10        95                                                                                                                                                                                         
                                                             54                 195                         34627            26                                                                          7437          393                                                                                                                                                                                      
                                                            43      9              102                  304         7  3      70                                                                        79  33           78                                                                                                                                                                                     
                                                          797      157                392             43           3341         91                                                                      67757           74 07                                                                                                                                                                                   
                                                         43       79                     58          47 1 7       367            52                                                                     6753              291                                                                                                                                                                                   
                                                       19   17    76                       391      551917359637741               34                                                                    39                1 97                                                                                                                 3443                                                             
                                                      91      50880                          70      7         16                  79                                                                   9                  3 97                                                                                                             497    62                                                           
                                                    39     563    51                           42 7             9                   79                                                                 35                   7387                                                                                                        3947        781                                                         
                                                    588943         0       753                  36             79                     8                                                                97                     35                                                                                                     202              10                                                        
                                                                   78   752                      791           55                     79                                                              24                       97                                                                                                7593             17    52                                                      
                                                                    75                             43          91                      74                                                            791                       55                                                                                              507                13      8                                                     
                                                                    27          7251                26        74   73222222231711117    55                                                           35                        797                                                                                          393                737 6       97                                                   
                                                                    27       393                     39 7     4114452317                 9                                                           81                         25                                                                                        49                    43723      74                                                   
                                                                    76 712561                         19     74                          25                                                          9    77777                  9                                                                                     746                       34 6317777763                                                  
                                                                     34367                  7          70    9                            9                                                         534577                       34                                                                                   45                    1      797   79714                                                  
                                                                     01             135453715        7126455699965317                     35                                                       52                             23                                                                                397                      21    19     76 6                                                  
                                                                     6        14437    1437     39857                729093                9                                                      51                  77133354453  35                                                                             707                          47 79        99                                                  
                                                                     9  73551     7353    734957                          71296     7      35                                                     8        7777777711131           145                                                                           55                             5135                                                            
                                                                    7847       7     390417                        36093777 197        1543 8                                                    67                                  31                                                                        70                                 97                                                            
                                                                    23 7    71349951                        136943      73951355666523117  762                                                 348996664455555222555469999645317    715951                                                                    24                   3231          36                                                             
                                                                   109084317                           74057         7967                73490                                             3857                                           7693                                                              797              33557      143      6                                                              
                                                                194                               73993 27      71595                         193                                      3667                                                   1963                                                    7133546       717        51  3537    757  35                                                              
                                                             385                              190535493797 7 6066080099898998989994531           783                               3057 12699880888000008899652331133325698880008998999988994537 7303                                       7598895317          7547    257      767   741    3 93                                                              
                                                          7947                           73693  7177285599471235   3516      733649377  763596537   591                         189953            5177353 15333337   77   1151 931  9            724903                                   5269431                   2937   1537     157   35    9                                                               
                                                        94                          39093       71909 75173721754 18778       154984617924        7589328                       7503             51 37393 7273346527165325224 7812   8            3991                                     387   71685                  3847   7241    751   4 32                                                               
                                                     183                   71359043167 56         77   51  17741 69   9  3   7  363 7 655              75987                         3699523177 15 137 43   3559277 71 23311   833    03325699651                                            393       39637                29437   1521  7377161                                                               
                                                   597        73256988453177773 15 15  332  77 7 7377  74 17143 797   81 37   77     35                   30                                   78  31  99     517    777     7483   3  4                                                        2977 7     76991                734941         67                                                               
                                                 785498895337    78 4     71772 31897  7141 74 75 7241  911163  261   69  427  777   31  7133255544555317                                      31  37 79163     77    7     76552   27 87                                                         7947     33   3857                   3489537753                                                               
                                                                1813     73733  0 74     357 7 7 98994  26625 7 9 7   3597  754993   51                                                        8  527 24 3174   67    55777154 16   33 15                                                            7282  2639564643983                      7381                                                              
                                                             7 364       3 375 35 67     1797 387 7  1367    915577    531947 7 779576                                                        78  35  93 759 746393 745395 227  9   52 76                                                                769653522317   169377                   793                                                            
                                                             182 7 37  71 275 39  97     7 7267 77768686      7831    17 6  7735359 6                                                        764 5 2  87  7691     37  7  363   63713 7 067                                                                 25  4617        724867                  45                                                          
                                                           793  715   37 513 454 33  7      39 7632419  15    79772     67795 36466 5                                                    7585 117131756    67  7496549957  57   24 5791 0  3837                                                             6    2 7        47 1322989537             93                                                        
                                                          81   23  727 51  66  9 97 37      7315  77977   97 7 971377   397      7997                                                 485175 7437163163  77477977344237 19  5   79519 6 67  9 773983                                                      751     47    7  14 7 21 797  3159851         92                                                      
                                                        367298945484377758219176797 47      123     52 337 617 91371   167       787                                               49      76789967625377775751   33     78 9    67915862316        957                                                   34  1 32  27 13 781  1516473773  37  7489577 7  87                                                    
                                                       83            7593 7  759 9  6               79 7  5 537935 2   17         8                                            7597          32    9363 3 7453    33      745 7 742 9   761        7  7393                                                398995566    77397   36 47333771 4 3   55  75861 187                                                  
                                                      93                71647  7561 4                39    3363555 2   3          9                                           63   7          79    793 3  33     11      7 1 77755    797        71   7697                                                 557 7  0  7365    359157575773  377   10853177 3994                                                 
                                                    55                7   7 7387  976    7        1   9 35  736195 2           1  9                                         79165    3          53   93 3                     71 36   32         37   97  756                                               789957  939127  7 154413374  5  3717  1353   777111                                                 
                                                   53 7  363     7344377        914367   17       37  33   5717645 3          77  6                                        74   787   27          87 9373                      2 26 76          37  79      787                                             7593 87  37 7   3  549757 5 71   71    1335                                                         
                                                  52 7 67              77         3023   17       11  79      5748777 1       371 9                                        6      36 7 47          199311                      575491         75   41     2  78                                              412  79 3      3  587427 15 71      7  7279                                                        
                                                 76 79                    7         94   13  7    73   871     579572 7   1   3 3 0                                       97  73    07  21          72571                     75162          75  78  3   5    74                                            52757   52      3  30 42121 71355459999623175                                                       
                                                 5497 7  7 717             723      523 7 5  7     3 1 93 4     13835     3  73 379                                       9     5  7798  75           9731      3            77419          337 55  77  61     9                                           35771     5      3  3439359969843      7   714947                                                    
                                                39  7 7583     14857          35     8237 17  2    1 3 473 4      593 7   17 117330                                      97      6    465  23         6331      3            71655         57 78    4  23      72                                         797 7      67     2 246   195 7      7 7 7        397                                                 
                                              797    43            7293         7677 78537 5   3     3 47 2 11 7 7 535 1   1 37779 0                                    79       76 7 73 62  5         957  7   3     1      7 69        73  951   77  67      19                                         42         57    72770 551         7     77352      61                                                
                                             79    18          73   7  591       7 91  8217 2  11    3 47   3 2  7 787 5     3 179  4                                   47        31   27  56172       1671 1   3     3     1718        3  55 5    4  51        57                                        97         33  1 735201      33           72   52  779                                                
                                             8    43             74  7   5567     7  25 252  5  73   3 95    5751 7 70137    3 397  67                                 79          9    4791 68731      9 5 77        2     3 32       2 45  15   75  9          97                                      5317        17 73 5139     21                 35  763 22                                               
                                            87   617               57 7   21101 7   7  791873 3   57 3 8 97   213177 79 5    3 543  75                                 9           75   52 793970 5     9 2 71       72  1  5 41     7120    33   17 33           87                                     873            3 1338   72             777       67  418                                               
                                           33   9737          1  7  15     35  56  7      306 33   27779  58 7 757    1457   336 37  0                                33            92591736 7157783    611773       72  3  3 87    755 97   5    2 797            87                                   75 377       3 337554  51 33                 7122   25 787                                              
                                          70   87 2            3     75     157  86          9573   3719  7791 7 37    435  7782 11  87                              79          7607  457797 78    857 2574 5       73  2 77 4    55  76    5    4  4         7    9                                   513137       1 3 563 77 33    715455317           35  3915                                              
                                          67  87 57             37    75     15 7 9397         462   125   5 36 7 757   057  5567777 97                             18         7237 787777197  57    51939 2 2       17  1 5747 361    33   35    6 51      33      797                                 975 37     75 174877  51  19457     3 713495        753 791                                             
                                         79  53  5               37    73     57  587181        503   63  727  87   9   513 79 6 713 87                            18         29903   4126583  75    31 18275 1      3     3 80333     67   23    6 8     32         76                                 975 3 7    27 185 7 157794  2      5         497 7 7  76  23                                            
                                          9  9  22                13    33     9   59  742      3559  53   77 7 54   5  735 97 57 35 07                           54         977 7582776373361299777753 75142 3  71      79 05 721     8   741  7 9 8   33   75177 7  79                                575 31    5 71977 79729737 2     73         77  547 777 74 35                                           
                                          8 67  91                 13    43 7  75  523    65     7 19 22    3    49   37 4593 731 25 8                           8377       1576  723877937 32     7102  2 797387213355  370737 57     6    6777497   1955869     7  7 79                               215733   5  42   1510 7 5 2     13           5    257     5 0                                           
                                          748   6                   75    47  7 9   361     39  7   3919    7    7535   6357   13 75 4                         367  3464445791 739378551        9437  5  1   85151753329739 17  5     13    4367 7 581    1569   1453326243                             235733  2 39    1591577675     57            5   77 55      0                                           
                                           33  15                     6   74 7  73  5 6       267    3507   7     5  8   45    75  233                        53 34  7      9 143 7461   7   10713    37    32 55535155661  37 75     37  9808973674  758177 769  7 777 1342                            515737 3707     95 5  715  7 76              37  1   7917  35                                           
                                           8   53                      477 25 7  9  3152      7 94  772897   1    14  52  53   74  197                       97 5   7244529597       2 7    52  76 7  73    5576353332393   57 72     4  53   7 12845497 165292 9511354627739                           57513 754  7  303 3377857 7 25               72  17    972 15                                           
                                          76   91                       157 6    4   3 6         2383 7623   3     5    07 7   76   0                       07   794  7203 591      07 13593     2  124999066 07 2337191    2  33     9    405 7   7537 451877   304777 7793 0                          5123 787  2  874  4  19 7 791                76   3     9 3 9                                           
                                          57   87                       7 4316   37  2 55       761 1591 0   5     75    247   74  34                      72  55 3415557  9735771595537     73442344645237  7 4944549325   7  37    79     4  3691932297437 363773516643   3363         5963           333139 775 35 97 37  8 7 167   73             9   3   1 76  8                                           
                                          0    9                          7195   73  5 79        75   75 73  5      9   7 441   5360095317735988895        6 97 22 19 13  75         6 939027 71501       7    97  3977 84     7     75 7   5    416 1596551    77 437 9119    396359096367  91          6724 776707 32 75  33  32   75               6   5   37 9 76                                           
                                         76    4                             39  77  5  51       767   9  0  57     27  7 4399417446696969417713345       147 347 255 9   72       76953 7425653    2965337573585    76971947 34627  13     2    4 7447   23    777507 751233  34 7           9          945177519   87 27  8  517  21                57  5   33 330                                            
                                         21   12                               363   5  16        35   2  57 27     7575091      11177723 7107           787 87  223 76   13      5812      725   03   7 736777  183   7867581     207      3    4     8685 581 770733   611 4  25            16         86 3 653 7 33  2  15 9  753                  33  5   75 79                                             
                                        78    33                                 42  2   9         4   12  4 3269528637                  1567 567        47 67  7574 72   13    593 756593 2952285273553777571352  3827 752 8       78  7   1    4     9 538927137  13   759 77237             36       33237567   787 33  6 9  32                    75  5 71 5 78                                             
                                        78    51                          7        071  723        57  765867     53            3535023992 7 95 7447     8     79723 13   33 7 55777947 79817 78 71555 7  23 7 755977167  789        91  7 7   7 4     9 439 71017  72    475 733 37            4401    31 359     33  5  798  5                      79  5 31 5  9                                             
                                        35    41                  35531        155  93   19    12499537 78        6                    364756178547     79     1375  13   3644684446465949444667 75 5  5445453  1572  2444468544446469644494431  5     9 6739577 36575    376  72   71         34   593 673991     87  2  39 2                         8  5 57 3  27                                            
                                        47    67  7            35                 37 990980085          74       79               5888927739  57        76     6775  13   57               7 78 79 1 3671235 75817167 18                    61 574     9 673 71071   981  7573 32              6      2769776    774  13 7973                          8 72 5  37 75                                            
                                       78     97 71           7                 3549587   5          71 33       16          3495   8    353            14     4 53  33   67  7152772    77  19 797151533153133947752 79   121           7  6526 4     97673 7447  3487 54 9787167            25      871  3953   97  37751                            8 33 5  13 78                                            
                                       19     97 71                         293     87   72          1  4        300000008432   3   9                   74    71 5   13   87   1253353754493 19 79417 4 312113397 453 78  11973  7          651574     97673 78 29    38  10157 84            91     12 1      756041 57367                            9 5772  13  0                                            
                                       35     97 73                     345        87    3           2 78        519  3     31  2  75                   79    57 3  5377  761723355555 14447 7832953 3347322319113345554   3427 1534777733  631515     97672 7 6 139633 397  5976 75694237 77 4      6  1          75  33 162 73355445217              9 9731  72  9                                            
                                       47     87  3                   65          9     75          13 79        676  37    13  2  53                    9    4 11  5      47 163 2546   97   14 7973673325213 5 161  9    23  733131 1356  6653 5     976727  759723765617577 101  19 77077753      8 17  71        4  711739          764            6 9 67  75  51                                           
                                       9      97  3                 42         7 97     31          2  12       7912  73    75 75  87                    33   4 27  5 9293147 543793257  32    25 7657   5 5    6377 51   167652333177 4597 43   5     9767377    5993  74467    91 19   8   91     74 37  73        75   5 7132           34    7     473 6   75  12                                           
                                      79      87  2               23           79      75          73  4        3427   3    74 760498894211               0     57  5 4 67147731145 987   93    70  7795  4  547 7 587   54 767 131174 573  43   4     976131   2   9789913947   59779   87  9      23 37   3         7   12 77 9            6   3     65711   74   9                                           
                                      35      87  27             67          779 7     33          27  9        435    5    79827 77      3939            33    5   575767351      7  7    67   7 383     7    47593   993 7797 51723235247 43   4     976113   5   543977345937 61399   93779      47 2    2              6  7  41          67 31     69 67   76   0                                           
                                      53      97  33            57           79       75          72  74      7 9908899095783     24899651   57            0    5   4 924 341      7 7      47    7  19062333599975577532   76775555 7747   43   5     974112   3   764767 77    97 79   96774      9  5    2              2   2   97        67 2      93 5 7  76   0                                           
                                      6       97   5           76          725 7      57          57  57       364      81     7 734999664998              76   5   4  42 347   7   717766113437        77557   5125344243  797 2 77 9147   43   4     914115  1     47921 7     97 79   87935     78  5    2              13  37   25       6 31      8 27     6   97                                          
                                     79       97   37          79         367        33          73  78        649     47        78 7       2               96  5   6  74 367    19672141 72112667   777553929 2544 1155 321 9773414 5747   43   5     915374  5     6  7657 7   97 79   87763     78  4    37             79   3     36    97 2       0 5      4   23                                          
                                     39      741   74           35      391          5           57  36        891     8       75483499646681               97573   6  637347  39557    7     7 76417212656533555 35155453567977255472 57    93  5     9153 6  5     6     3837  97 79   87 01     79  4    33              6   2       7557  57      7627      5   15                                          
                                     25      323    71            595693            47          11   47       166      9 7 55493 5017     79                97731   9   7 247 393   445313 1595   14 3455721437 75615 2 971579 5699435 57    39  5     6153 5  3    76     72871901 79   97 81     76  4    75              37  5            37       323       5    9                                          
                                     43      215     2                             31           5   19        492     75        797 7349985                 67721   9     55322  7667753373357794   55355436 1246336351544139377755 73921    39  5     4123 3 7     76     75977 91 78   97 87     74  4     5              72  5           73        62        5    0                                          
                                     97      2 9      5                           73           37   53        997     23 7        79837 55                  51 57   9     54743 797747 59994 72539 744455176435776525 3 1 977 94649233 787   36  3     5332 11      76     7251  63 78   9  87     74  4     2               9  5          11       770         2    0                                          
                                     9       2 87      5                          5            5   76        346      489953111334960377                    35 47   9     5463 795 71677253714 735655455332595331457533329 95662    453  87  34        2335 72      76     7233 743 18   97 87     74  5     33              5  5         3          14         2    97                                         
                                    16       3 61       73                       4            4    53        893     79 787 71 213  8                        9 5    9     567  263335757   231473557 6431549383456355753737453  396  168 97  34        3215 74      76     13 4  52 78   97 87     74  57    75              73 3                   78          3    51                                         
                                    25      73 32         1                     5            17    9        7483      0  8  73 513  9                        07577 79     5491 277773 67   231433321 242327 677 7385753335 543  5447  35197 735  7     1574  4      74     13 87 35 18   93 8      76  27     5              7911                   16          3    32                                         
                                    42      73  9                              5            72    55        9453      9  9  73 531  6                        67   6223592 5457 76777397144377957739 735753555921393275353976 337    554  892135318     75 4  2      74     37 07 14 78   91 87     79  37     37              167                  78           3    74                                         
                                    93      71  63   7                        2             4     9        79833     74 79  13 531  5                        33   6 44327925651 15 25  994991791 97 355733 9  434235514  35 5669513625778975723539      4 6  11     75     5  87776 78   97 87      9  73     75                                   35           37    9                                         
                                    97      11  76   17                      1             5     53        43512     13 36  13 631 72                         9   4 7  52155763   96 763212231 26   29  45331 7 6955977 727493 75752 38739235777 8      9 47  5     15     9  81  6 78   9 187      8   2      5                                  79            37    0                                         
                                    9       17   47   5                                   37     9         09115     21 56  13 631 33                         67  4 77 725547755    955355135947  313    73735 7137 4 774  64 7594652  119247 7 78      9753  5     32     9  03  6 79   8 387      8   5      11                                 51            37    87                                        
                                   76       37   35    5                                 37     61        410775     6  96  33 937 21                          9  4    5 3457  3554     77777   6527      42717566 7943712537          319551    8      9135  1     23    75 415  4779   87591      6   4       6                                25             11    41                                        
                                   35       37    97    5                               31      9         046774     8  86  31 931 57                          53 4731979 447    72563551 737563537        716541777776555  545        37913627  8      4336   3    53    33 8 9  5178   87563      57  57      17                              79  7           11    23                                        
                                   53       37    36     4                             27      97        47847 6     8  94  37 927 97                           97435347  467        7 54262 17 7       3992    2553557 7  92797  7 7  31977956678      3579   2    61  7 6 57 8  2378   87652      33  31       6                              91  1           11    75                                        
                                   61       27     67     47                          57      14        783357 9    76 756  3 7927 8                            598999996499444555555222223333311131113162424333333333333225564666999999986696999885    75 6        97   7978  97 3278   07925      76  73       71                            53   1           13     9                                        
                                   97       5      18      33                        2        0         9 0 27 97   33 3347 3 7957 07                     13222595222333333331111111117777777777777777 7 4393133311111111131311131133313111113333256222336 23       9 7  336   67 7478   07939       0   4        4                           14    17          73     8                                        
                                   97       57      23       5                     13        23        1672 27 97   51 576  3 7957 0                      577321    77457 27737 13337733773              372     7     71     77771   77   17        13774134       4    476   21 7678   87678       9   57        5                          87    17          13     87                                       
                                   9        4        9        14                  5         79        78 8  31 97   9  8 6  3 7657 8                      5741257    799 42235215331 1147 57    7      234536  7 7    5339   5752457 2347532443     63 675379      32   798    33  678   074787      23  13        11                        91     71          73     91                                       
                                  14        67       79         35              11          9        73275  31 91  70 70767 3 7657 9                      576543      5 73575555257 115   33            42291         7229   777136 74173  557      5259753 4      41   357    75  638   875793       9   5         57                      15      73          72     53                                       
                                  32        9         14          752         11           23        18 6   13 63  78  876  7 7457 6           3211111171111111111177111711111717711777777171711111313133333333333331111111133333333333333333333333333311111333131163   61      9  558   8 2755       0   51         4                      9       73          72     35                                       
                                  53        9          51             24522551            79        79770   13 43  79  9 97   1557 4           1552333333333333333333333333333333333111111111111113333333331311111111111111131111111111111111111111171111111113333197  14       97 268   8 3739       51  72          2                    87       75          72     14                                       
                                  91        9           63                               78        755 40   13 52  32 15797   155 75              9333333333331331131111113311111111111111111111177777777777777777777777777711177777777171777777777777117171113318    19        97 398   8 17 03       6   57         73              73  57         5          75      9                                       
                                  87        9           261                              41        347798   73 22  21 33 97   125 12                  4                                                                                                      9217 7  24         91 788   9 71 95       97  13          72            13  15         74          75      97                                      
                                  9         6           5 257                           32         9  518   12 35  4  57797   334 33                  6                                                                                                      977035997          53  98   9  1 99       32   5            5         757  16           4          75      97                                      
                                  6         4           57 36                          39         93 7878   12 35  9  6  97   335 21                  921171333333311117111333311113331333333333333311133333331111111113333333313111113333333311117111331117365     6           32  58   9  3 583       9   15            33      57   78            4          75      61                                      
                                 12         5           47 7793                       76         53  5378   15 14 78  8  9    334 57                    15711773332377183 451345599371397  263773771139477773923171177345  766171543483777119417344177311197  4     97          74  29   9  2 399       23   37             35553     79             5          75      53                                      
                                 23         2           57    56                      97        76  79 78   75 74 79  8  9    214 5                       3817 81    597 9765383197 305 787 291    758277997738417   759770 7303 39 38 387877383  718 7667    5     97           6  39   9  5 764        9    4                       9              2          74      35                                      
                                 67        73          757      93                   91         87  41  8   75 76 14  9  9    574 6                          26  55  19725 61167  32   897197      7 7917261797        797 95   47   32 97 6367 724 793       2     41           97 79   97 5  634       53   73                     67              3          74      74                                      
                                 87        73          157       19                 52         41 774   8   15  6 32 74  9    5 4 9                            96  972779 9 35 61 751721 62 32     741 36  43 747 7   35 45733 43  79735 53617978 1105        37    23           91 79   97 5  539        9    3                    67               37          4       9                                      
                                 8         31          327         65              15         15 7 41   8   15  6 23 13  9    4 4 8                             434 39 15  41 6734  8 875376 19   797793 16  8  97   5178 137923  22 97 9  72 457918 9        13    15           43 79   97 57 3525       25    5           73     91                11         74       97                                     
                                 9         37          337         2 01            87         0 7 14    8   15  6757 31  9    6 4 8                              979 19 6   53 6779 3 5 97  9 76 713 97 5575  8 727 5578  78 59  47 9  8   5155 9 61 97       75    75           25 78   97 57 79187       67    2        75    77811                11          4       91                                     
                                12         2           231         5  181         97         67   91    8   15  676  4   6    6 6 8                              3579 15 8   52 5 79 62 97  79 33 8721 32  31 75 911476   78751 47 9 79   7555 4114  97       76     9           14 78   97 27  6 51       15      2233537      16711                73          4       63                                     
                                21         5           311        75    183      75         76   15    78   15  619  9   4    6 6 0                               6732 9 31   47 9 7515 97   3278 9 9  4    9  8 729733    879743 5  9   7976 15 9   67        9     97           6 78   97 37  2179        61                 55  33                73         74       52                                     
                                97         4          7313         6      764  7 97        78    87    79   15  439 78   4   76 9 8                               34 9 79 9    6 76 378797    9 31273 75    3  57 9279     9 932 53 5    5141 9 74   57        8     91           4778   97 37  15 9        19                87 7 33                72          6       35                                     
                                87         6          7373         6         287 0         74   35     79   15  439 79   5   76 979                                9 33 9 97   25 5  88761    3179331 32    73 31 9125     4 69  4 76    879735 5    21        9     63           5378   97 11  79 12        53             24     53                75          6       14                                     
                                8          9          7173         6           7407       757   93     79   12  556 12   5   14 9 9                                2379 2757    9 74 38723    79 9157 32    72 13 9747    72 83 23 27    432 4779    33        6     52           3578   97 71   5  8        78           39       51                 4          6        6                                     
                                9          9          1773         4              703 7 7  9 7 973     79   12  545 57  72   35 974                                14 9 7231    57 9  87327   79 3357 12     2 31 4 6 7 7 33 8  4  9    7541 6 14    72        57    35           7678   97  1   35 47        47        29         41                 6          4        6                                     
                               15          9          3  2         5              7  29277797 53 3     79   12  203 9   72   35 975                                 972 1332333337 3  1 13333332 7 7   1111117 177172522225771 75  22222222714 32     5        33    76            618   97      79 15        33     762           47                 6          4        47                                    
                               23          9          3  2         5              1     1857491  3     79   12  30  8   13   32 972                                793555555555555555555455555555555555555555555555554444444444555445444444455546     4        12     6            528   97       4  0       733   59              6                  9          4        53                                    
                               67         76          2  5         27             1              3     79   32  19 79   33   23 913                              9699666666666666666666666666666666666666666666666666666666666666666666666666666999   6         4     67           398   97       15 9        51593                4                  9          4        25                                    
                               8          75          5  5         31             3              3     79   32  19 32   21   53 931                              4                                                                                9   9         9     53            88   97       70 57    7 30113                 5                  9          4        36                                    
                               8          75          5  5         13             3              2     79   33  79 5    51   51 957                              6                                                                               79   9         8     25            58   97      795913  1463   33                75                  9          5        19                                    
                               9          13          5  5         72             3              2     79   33  79 9    57   51 96                               6                                                                               79   9         8     36            38   97    3873378505       31                32                  9          5         9                                    
                              12          33         75  4         75             3              2     76   33   919    47   47 99                               6 7645  977777777777777777777777771711117171777777777777777777771717177772 7532 79   97        97    19            78   97 293   31 73         27       3        33                  6          5         6                                    
                              27          37          5  6         76             2              2     76   33   933    67   47 99                               6   9   9   777777 7                                                    72  54  79   67        47     9            78   981      21 13         5        3        51                  6          5         57                                   
                              9           57         75  6          9             2              3     76   33   64     97   4 769                               6   39  9   67355  5  55555555555555555555555555555555555547 517325174  72 754  79   47        21     4            78   9        57 31         4       73        41                  4          5         33                                   
                              0           5          72  9          9             2              3     76   33   69     97   4 796                               6 18    9   975964 5  57                                  37 51 549 75  73    6179   57        12     51           78   9        6  27         9       73        97                  5          5         35                                   
                             79           6          73  9          9             5              3     76   33   43     9    4 795                               6 7465  97  33177777  57  12222222222232232222222222222   37 111711113  72  3443 9   21        75     33           78   97       9  57         9       13        97          1       5          5         16                                   
                             74           9          73  9          9             5              3     76   23   51     97   6 781                               6    33 9   537777777 7   33                          37    7 7 777715  72 13    9   33         9     15           78   9       79  4          9       31        6           3       57         2         79                                   
                             33           9          11  9          6             5              3     76   21   21     9    4 70                                6 19 79797  53            33           4732           37            75  72 97 51 9   13         9     79           78   97      78 79         79       37        4           3       27         2          9                                   
                             4            9          37  9          5             5              3     76   51   33     9   74 70                                6  185 79   53   55455555553           4 75 7         15555555555   72  72  955  9   72         8      9           78   9       79  9         79       37       75           1       31         3          6                                   
                             8            9          37  9          27            5              3     79   51   33     9   74 79                                6   791 9   53   5               1543777317 15537              15   72  72 443   9    5         9      6           78   97      19 78         79       3        33          71       33         3          51                                  
                            78           74          2   9          31            5              3     79   51   32     9   15 79                                6  397  97  53   5    7       22716577 765777165715       7    75   72  72 7397  9    4         57     51          78   9       16  0         76       2        21          77       33         3          22                                  
                            79           75          2   9          13            5              3     79   57   15     6   15 76                                6  247  9   53   5   34397  231477243  325  3451 53 51  79457  75   72  72  755  9    9         31     32          79   97      35 70         75       3        57          37       12         1          34                                  
                            32           13          5   9          72            5              3     79   57   14     4   35 76                                6   387 9   53   5 7 797 33576 55     72 75      4116 437791   75   72  72 397  79    9         12     16          78   97      35  0         12       2        67          37       75         17         19                                  
                            57           31          5   9           5            5              3     79   47   16     5   32 74                                6 19    9   53   5    317613379965233351113433132496 5731 87   72   72  72   791 9    97         4     79          79   9       33 78         33       3        9           2        74         77         78                                  
                            9            27          4   9           6            5              3     79   47   76    75   23 74                               39   34  9   53   57   9 475733  54  357133714   273 5 372  5   12   72   2 36   79    97         9      9          78   97      23 79         33      73        9           5        76         71          9                                  
                           78            5           4   9           9            4              3     79   47   79    72   53 74                               59       9   53   5     732315   5 491113557  152771  4 679     12   72   2      79    97         8      4          79   9       51 79         21      13        6           5        79         73          6                                  
                           79            6          75   67          8            4              3     79   67   79    13   51 74                               99  978  9   53   5     575 47   45732 4998524632627  12713     15   72  72 3695 79    91         97     21         78   97      57 76         57      33       75           5         9         73          51                                 
                           32            9          75   6           8            4              3     79   67   79    33   51 74                               96  35   9   53   5     61334 7575237696727259 76 557  4 4 1    15   72  72   25779    61         67     12         79   9       4  74         4       33       13           5         8          3          32                                 
                           57           79          72   47          87           4              3     78   67    9    21   47 74                              746  29   9   53   5     622596   2 4514314142945325  75916 3    15   72  72 7921 79    53         51     79         78   97      6  15         9       31       21           2         8          3          14                                 
                           9            79          73   47          9            4              3      8   97    9    57   47 74                              324  5    9   53   5     673357741557349675523557572152 3 6 1    15   72  73   74779    53         33      8         79   9       9  15         9       21       57           3         8          3          79                                 
                          78            74          73   57          67           6              3      8   97    6    47   6  75                              414 7     97  53   5     515 5    65 5355699655751233  74732     15   72  72     779    33         75      9         78   97      9  33         9       57       97           3         9          1           8                                 
                          16            12          11   57          57           6              3      9   97    47   97   6  15                              974 1426  97  53   5      35113   4 397  722   647  2  37476     15   72  73 2666 79    32          6      57        78   97     79  33        78       57       97           3         9          7           9                                 
                          23            33          37   57          51           9              3      9   97    57   9    6  15                              6 4 74    9   53   5      215731  4 2 7622243757 71 2 13175      12   72  73    5 79    15          97     33        78   9      76  21        78       57       9           71         9                      47                                
                          4             21          3    57          33           9              3      9   97    51   9   76  15                             73 4 79677 97  53   5       47271314135444333565217533331317      12   72  73  335  9    75          97     74        78   97     76  51        79       5        4           17         6                      21                                
                         79             5           2    57          12           9              2      9   97    23   9   76  15                             57 6 74 59 9   53   5        3215 47     72773      53 575        12   72  73 5939 76     6          61      8        78   9      14  57        79       5       75           37         4                      15                                
                         36             6           5    27          75           9              2      9   97    23   9   14  15                             87 6 74477 9   53   5       7 76751 557  71967   16  5314         12   72  73 7196  6     9          53      8        78   97     35  4         76       5       33           37         57                     76                                
                         52    1       79           5    27           6           9              5      6   97    35   6   34  35                             9  6 16 53 9   53   5      33    51741 7733 73577 43 43    6      12   72  72 9579776     97         35      6        78   9      32  9         74       2       21           27         51                     78                                
                         67    3       79           5    27           9           9              5      47  97    35   5   25  35                            13  6 15 7  9   53   5      3457    1617364477645  167    758      12   72  13  776 76     97         74      21       79   97     23  9         15       2       47           2          31                      0                                
                         9     3       14          75    27           9           9              5      57  97    14  72   55  35                            67  6    77 9   53   5      265763      71259955317    163799      12   73  137    776     91          9      75       78   97     51  8         15       2       97           57         33                      9                                
                        14     1       32          72    27           8           9              5      51  97    16  13   52  35                            8   6 3546279   53   5      391347237       37       72 19118      12   13  13 9555576     91          97     78       79   9      47  8         32      73       8            4          12          3           47                               
                        53    77       21          13    31           97          9              5      21  97    79  31   43  35                            4   6   741 9   53   5      337347537      235      7 92752 6      12   13  13 35   76     43          61      0       79   97     6  78         33      73       8            4          75          3           33                               
                        41    1        57          13    37           97          9              5      23  97    79  27   63  35                           21   6   3   9   53   5      33  7197      51  53      762   9      12   13  13  367 76     52          53      6       78   97     9  79         23      13       9            6           6          1           14                               
                        9     2        4           37    31           67          9              5      33  9     79  5    93  35                           8    6 74715 9   53   5      23     7                 77 7   9      12   13  73 47  774     25          32      33      79   97    79  79         51      31       5            6           9          71          78                               
                       16     5       76           2     31           47          9              57     32  97     9  4    91  15                           8    6 79539 9   53   5      23  7   7      219            7 9      12   13  13 9656 74     35          15       6      78   97    19  76         57      31      12            9           8           3           0                               
                       52     5       75           5     37           51          9              57     15  97     9  9    91  15                          33    6  199  9   53   5      457           636353            9      12   13  13 1997 74     14           9       0      79   9     36  75         67      27      31            9           8           5           9                               
                       91     5       12          75     31           23          9              57     14  97     6  9    97  15                          9     9 75    9   53   5       74567       42 7 79        7945       12   13  13 3 7  74     76           97      97     79   97    24  15         6       27      57            9           9           5           47                              
                       9     73       31          75     31           33          9              27     76  97     47 9    97  15                         78     6   143 9   53   5       4274         7 1 1         35 67      12   13  33 397  74      6           93      23     79   9     55  33         9       57      6             9           67          5      77   33                              
                      15     17       5           15     31           12          9              37     79  9      57 9    97  14                         33     97  31  9   53   5         7        5463 51913       777       12   13  33 731  76      9           52      74     79   97    53  33         9       57      9             9           57          37      3   75                              
                      43     2        4           32     31           75          9              31     79  97     2376    9   76                         9      9 39363 9   53   23              793  7    7  42               53   33  33 5319174      67          34       8     79   9     61  21        79       57      8             9           33          73      3    9                              
                      87     5       16           33     27           75          9              31      8  9      3375    9   79                        79      9       9   53     9                6114991735               33     33  33 57   76      41          76       97    79   97    67  57        79       5      79             9           13           5      17   0                              
                      6     75       35           27     27            6          9              11      8  97     3513    9   79                        51      9   271 9   53      76             52 7369  79             15       33  33 765  74      53           6       33    79   97    9   47        79       5      76             9           75           4      73   97                             
                     33     13       53           5      27            9          9              73      8  9      1527    97   9                        8       97 5197 9   53 7 7    22         5917 5   7973497         9  7 7    33  31 3693 76      23           41       6    79   9    76   9         79       5      75             9            6           57      2   57                             
                     97     3        57           5      27            9          9              73      8  9      164    791   9                       35      797   6  9   53 745      53         31 147797771         51      22  33  33 25   76      35           25       9    78   97   34   9         19       2      33             9            9           17      1   32                             
                     8      5       74            5      57            97         9               3      9  9      799    162   4                       9       797     79   53  4 25     761       1977777  79        14     743357 33  33      76      35           34       57   79   97   25   8         16       2      27             6            97           3       2   6                             
                    15     72       15           72      57            97         9               3      6  9      795    334   33                     16       79  547  9   53  4  79777   747      3356966577      74     712  35  11  33   43 76      74           79       75   78   97   43   8         34       2      4              9            97           5       5   8                             
                    41     17       53           13      57            97         6         1     3      57 8      78     2151  76                     4        7977 791 9   53  4  73 441    16     7 693597       41    729767 15  11  13 93  776       6            4        97  79   97   91  78         35       3      9              6            47           5       17  97                            
                    0      5        47           31      57            67         6         3     3      33 9      78     67 4   9                    25        79779347 9   53  4  974  653    35 7         7 7  41    156  513 35  11  13  543 74       6            51       43  79   97   97  79         35      73      9              6            21           37       5  51                            
                   76     75        5            27      57            57        74         3     3      33 97      9     97 35  14                  79         79776543 9   53  4 275761 723     91 7      7 7 32     34 7 9726735  11  13 9535 76       47           32       75  79   97   9   79         32      73      9              6            33            3       2  15                            
                   41     37       13            5       47            51        75         3     1      75 9       6     6   13  797                6537        9 7 713 9   53  5141533527 15     767        76     74   352753435  31  33 6177 76       53           76        91 78   97  74   76         23      73     76              4            15            5       73  9                            
                   07     5        51            5       6             33        75        71     7       4 97      57    5     7  753                   75891  79 19   79   53  69245        4      35      9  7 7 35   77   36465  13  337  14 76       25            9        25 79   97  35   14         53      71     75              57            6            31       4  87                           
                  74     33        5            72       67            33        15        3              9797      21   21    73921 2951                     7269   793 9 7 53  333333333333331       22  53       333333333333331  33  33 547  74       36            57        6779   97  23   35         53      11     13              27            9             2       71 51                           
                  9      5        73            33       9             12        33        3              8797      13   9   742          12509                  6  3979 97  5525252525555555555555555555995555444444445554454544444493  3375197 74       19            33        1579   97  41   32         51      11     21              37            97            57       6 15                           
                 78     33        21            23       9             75        33        5              0767      75    1565327         14478                  6 73297 97 7                                                          7 33 3632774        9            79713256951 79   97  97   23         47      37     57              13            57            13       17 9                           
                 53     5         4             57       9             75        21        5              97        74        76999999953 7585                   6       9                                                               33      74        41            4          78   97  9    53         67      37     6                2            33             5        4 61                          
                78     23        73    3        5        6              4        57       75              67         9  73596233555555231                        4        77777777777 77 7 77777777777777777777777777777777777777777777777        4        392556666666642          79   97 76    41         67      17    79                5             5             33       7174                          
                35    75         57   73        3        4              6        67       73              23         8                                           4                                                                      7        76         9                       79   97 35    97         9       1     79                6             97             5        5 91                         
                8    747         5    3        11        5              9        9        37      11      15         9                                         3595555554444444444444444444444444444444444444444444444444444444444444444444444444488544664537                       79   97 53   79         79       7     79 1              67            51             33        216                         
               32    27         2    33        27       13              97       9        5       11       9         6                                      7 7953333333333333333333333333333333333333333333333333333333333333333333333333333333333557                              79   97 91   78         79             76 71             57            72              5        3153                        
              78    13         73   72         2        31              67       9       75       13       8         21                                     193                                                                                      447                            79   97 97   78         79             15  5             13             67             75        519                        
              47   73         75    5         71        47              67       6       75       73       21        15                                    57 7                                                                                     7 791                           79   9715    19         19             33   3             4             32              31        218                       
             35   73          3    57         3         9               41      72       13        3        43 7     70                                    3625555552525222222222222222222222222222222222222222222222222222222222222222222222222222222293                           78   9761    35         34             57   37            41             4               5         239                      
            39   31           7 7 47          1         5               51      31       37       71         792      67                                    93333333333333333333333333333333333333333333333333333333333333333333333333333333333333333334                            79   6787    51         25             4     5            72             74               6         319                     
           24   5              7 47                    31               51      6        3                      5937  76                                    9                                                                                          91                           78   633     6          25            79      51           47             36 7             6         118                    
          93 751              7 97                    79                21     78        37     7  19953685    77 729  41                                 24                                                                                            54                          78   66     1911177     36            12       7477         5              7977             9         7 55                  
        297151              7 347                     75                21     12             7 3927        5995233995  91                             366711111111111111111111111111111111111111111111111111111111111111111111111111111111111111111111111295                       78   66531156 34    7269347     7      97        7427       35               193 7           35  7        65                
    7381 17                 557 7 7                   9                 37   778              927 7              367877772                           783                                                                                                    795                     78   97   7659433       7749 77  23     794   7  7  724      76                 75943          7657    7325594              
   35                   154777325444445237         7 23                       41            9511777777 7 777135957735                              40944644444444466666666666666666666666666666666666666666666666666666666666666666666666666666666666644444444598                   79   9     596533111111111332841    352177 7594377      327    1437         7         7135637  7159951                      
   74062317  7 77135900888853     7 7 77135427   7580041                  39847          102177777 7 777777132490937                               9                                                                                                            8                   78   67                7  7    71993      7 77 777392     3          77771717   748637      777                             
                              3599994523333549951       3686231777713499549994523313335967                                                         9                                                                                                            8                    91 78                              73996522225554699864552331117111324995771237                                            
                                                                                                                                                   8                                                                                                            8                      7                                                                                                                        
                                                                                                                                                   833333333333333333333333333333333333333333333333333333333333333333333333333333333333333333333333333333333333387                                                                                                                                              
                                                                                                                                                                                                                                                                                                                                                                                                                
                                                                                                                                                                                                                                                                                                                                                                                                                
                                                                                                                                                                                                                                                                                                                                                                                                                
                                                                                                                                                                                                                                                                                                                                                                                                                
                                                                                                                                                                                                                                                                                                                                                                                                                
                                                                                                                                                                                                                                                                                                                                                                                                                
                                                                                                                                                                                                                                                                                                                                                                                                                
                                                                                                                                                                                                                                                                                                                                                                                                                
                                                                                                                                                                                                                                                                                                                                                                                                                
                                                                                                                                                                                                                                                                                                                                                                                                                
                                                                                                                                                                                                                                                                                                                                                                                                                
