                                                                                                                                                                                                                                                                                                                                                                                                                
                                                                                                                                                                                                                                                                                                                                                                                                                
                                                                                                                                                                                                                                                                                                                                                                                                                
                                                                                                                                                                                                                                                                                                                                                                                                                
                                                                                                                                                                                                                                                                                                                                                                                                                
                                                                                                                                                                                                                                                                                                                                                                                                                
                                                                                                                                                                                                                                                                                                                                                                                                                
                                                                                                                                                                                                                                                                                                                                                                                                                
                                                                                                                                                                           2965                                                                                                                                                                                                                                 
                                                                                                                                                                        39996694                                                                                                                                                                                                                                
                                                                                                                                                                       5996966963                                                                                                                                                                                                                               
                                                                                                                                                                     69699996666                                                                                                                                                                                                                                
                                                                                                                                                                   5466666669994                                                                                                                                                                                                                                
                                                                                                                                                                   5669999996996                                                                                                                                                                                                                                
                                                                                                                                                                   566969966694                                                                                                                                                                                                                                 
                                                                                                                                                                   4969964546                                                                                                                                                                                                                                   
                                                                                                                                                                  69995554                                                                                                                                                                                                                                      
                                                                                                                                                                 6995                                                                                                                                                                                                                                           
                                                                                                                                                                5992                                                                                                                                                                                                                                            
                                                                                                                                                               5664                                                              3369643                                                                                                                                                                        
                                                                                                             3 2  2                                           3999                                                         249999969696445                                                                                                                                                                      
                                                                                                            5696469945                                        4965                                                   36969649466999699952                                                                                                                                                                       
                                                                                                            49999645463                                      5995                                                2299969669999669964                                                                                                                                                                            
                                                                                                            469999999995                                     695                                               258969999996999955                                                                                                                                                                               
                                                                                                            596999999964                                    2995                                             3699999996999995                                                                                                                                                                                   
                                                                                                             99999999662                                   2996                                           4989999999999994                                                                                                                                                                                      
                                                                                                            39996969665                                    5995                                         399999999999699                                                                                                                                                                                         
                                                                                                             39969996                                      594                                       2299999999696695                                                                                                                                                                                           
                                                                                                              554993                                       495                                      5969999999999954                                                                                                                                                                                            
                                                                                                                6693                                       692                                     399999999996995                                                                                                                                                                                              
                                                                                                                 299                                      399                                     59999999996995                                                                                                                                                                                                
                                                                                                                 3996                                     296                                   35999999969695                                                 5454                                                                                                                                             
                                                                                                                   995                                    966                                  3699999999999                                                5999999995                                                                                                                                          
                                                                                                                   4995                                   994                                 6999999999995                                                 69699669999                                                                                                                                         
                                                                                                                    5665                                  964                                4899999996995                                                  999969999995                                                                                                                                        
                                                                                                                     9995                                 996                               6999999999965                                                   599999999669                                                                                                                                        
                                                                                                                      6962                                994                   2695       5999999999693                                                    499996999999                                                                                                                                        
                                                                                                                       4695                               995                 34995        999999999994                                                     399999966969                                                                                                                                        
                                                                                                                        6692                              595                99992        499999999985                      259969999595                     29699969664                                                                                                                                        
                                                                                                                         2696                             299              389992        599999999995                   54996996966699664                     5696699695                    699992                                                                                                              
                                                                                                                          29695                           2995           5696695         499999999995               54999699699994695                           2249965                    296999992                                                                                                            
                                                                                                                            5696                          9993         59999996         289999999999             3699999999969495                                 2999                      699949999                                                                                                           
                                                                                   24955963                                  56692                         692        299699945         59999999999            569999969996953                                     999                     99999999696                                                                                                          
                                                                                 5969669646965                                 56693                       595       599999495         499899999994          56999969999953                                        966                     59999996999                     4965                                                                                 
                                                                                 46999699696664                                 269965                      962      699969992         69999999996        328999999999964                                          966                      4999999694                   59996963                                                                               
                                                                                 594665696696695                                  24664                     692     999999992          99999999992       569999999999945                                           695                      2999996999                 59999695493                                                                              
                                                                                 246999946555995                                    64695                   3993  56899699999          9999999999       59999999999995                                            9965                      3999996994                 59946696965                                                                              
                                                                                   9666999999495                                      566994                 696  4999999999           9999999999      99999999996992                                             2942                       59999966                  66966664694                                                                              
                                                                                   3446666646695                                        59492                569259969999999           9999999999    599999999999993                                               665                           5992                  49969999962                                                                              
                                                                                    36669999695                                           9695                495699999996995          6999999696    59999999999992                                               5665                           564                   99996666663                                                                              
                                                                                      246649665                                             66965             39669999999999           4669999994  399999999999965               5699999699999999995              595                           2495                   5499996695                                                                               
                                                                                            6985                                 22655        596944           99999699999992          5699999996  8999999999965           4298988996999999999699699              262                           499                      5964496                                                                                
                                                                                             4994                          66999999994          596695         36949999999999          4999999999 2569999999965         6499699999999999999999999964             299                            599                      299542                                                                                 
                                                                                              59692                     24999999999662            349962         299996999996          5699999994 34999996952        3689999999999999969955544452                695          2                 693                      996                                                                                    
                                                                                                9964                 468999999999995                 66995       599999999999           299999999336669699         39969999999999999994                         994        49999895            496                      2465                                                                                    
                                                                                                 56665             2999999999996955                    26995      999999999995          399999999 2956995        39999999999999999965                          295         999999994           465                      599                                                                                     
                                                                                                   69965          599999999999995                        346952   699999999995           96999999529546         59999999999999965                  5352       264           469999994         566                      3994                                                                                     
                                                                                                    346695      599999999999963                             5669525999999999995          696999999 4945       56999999999999965                  69999999452 3695             69999995       5994                      466                                                                                      
                                                                                                       69995   39999999999662                   299965        596634999999669994          49999999 592       3999999999999995                    254699999999964              99999995       666                       994                                                                                      
                                                                                                         269665499999996999                     599969952       29699999999999992         699999993         6999999999999995                          349999994              399998995259999999955                    664                                                                                       
                                                                                                           359699999999995                     49999999944        569999999999999         299699999        5999999999999692                            49999994              599999999999999999999992                2992                                                                                       
                                                                                                             399999999994                       6999996999         299999999969999          99999995      2999999699999999                             299999962             59999998999999989999999995              464                                                                                        
                                                                                                             699999999995                       59999999999        2999699999999995         99999996      499999999999994                              3699999992            49999999999999699999998999995          995                                                                                         
                                                                                                             99999999996965                       5999999995       59999999999999994     249999999995    699999999999992                               5999999993          59999999999999999999999999999665       3464                                                                                          
                                                                             59999952                        99999999999699995                     599999995       599994999999999996 396999999999992    59999999999999                               69999999994         596999999999999999999699999999999       495                                                                                           
                                                                            5699996996                      599999999999525999994                   29999993       599999259999669999449669999999999     69899999999999                              499999999994      349666969494     5965556699699999996      294                                                                                            
                                                                            969999699995                    9996999999999    46669953                 5456963      5999995  9999999999999699999699996    49999969999999                            24669999999995     59949694 495     499       35999999995    992                                                                                             
                                                                            49699996669962                  4999999999999      2659999642                 59962    5999996   549999999999964   6999992   299999999999995                          269599999999694     664695  699     6962           4699999  2956                                                                                              
                                                                             6999699999992                   9999999996995           696696                 46962  29999992    9999999699996   9999995   999999999999996                         9965599999999996            966     569              9999993995                                                                                                
                                                                               4999966965                    9999999999994             559999952             29999369999996    59999969999999   4999996  4999999999999995                       56943999999999995           2945    495              6999999943                                                                                                 
                                                                                49696499969                  69699999999995                25966662             499966999954    289699999999995  899999  8999999999999994                      6965 699999999999           699    2965              299999692                                                                                                   
                                                                                   2444 5996943               49999999999693                   46996945          5999999666625659259999999999996  99996454999999699999994                    36995 2999999999996         4994   2996               2999999992                33523                                                                              
                                                                                           6669942             299699999999995                    555699994244523   59999999845555555999999999995  9999949999969999999994                   5995   6999999999994        5992  56965                999999946                5999694                                                                             
                                                                                              55669945           599999999999965                        299999999993  296699845       299969999998  9969969999999999999994                 6695  569999999999995      2964   6995                 9999999999             24999664463                                                                            
                                                                                                44999999645       2999999999999995                   599999999999999945299699995         269999999   4696929999999999999995               5965   49999999999995     39996  49942                569999999694            569999999992                                                                            
                                                                                                   2 26994699952   369999999999999962               369999999999999999995499999942    2 253 59999994  999993999999999999996              5992   499999999999995    5995 24995                 59999999999992            499996999993                                                                            
                                                                                                           25599996666699999999999999653          3289999999999999999999992696969999999999999953669699  49993999999999999995            466    599999999999995   6994349995                  49999999999999            599999999995                                                                             
                                                                                                                  4692499999999999699964946699999999699999944        9999999699999899999999699999329569956999599999999999996          5694   4699999999999993  5699299966                   49999999999992            326994966996                                                                              
                                                                                                                       2696999999999999995        999999995      599995   59999999999999998999699962495699 69939999999999999         5962  5999999999999999   69696996                    39999999999996             399999964494                                                                               
                                                                                                                          46999999999999995      599999999 55999652            555999999999999999999999996999694599999999999        664   3999999999999999356999665                   545999999999999944          35999454469655                                                                                
                                                                                                                             29969999999999992  35999999999952                     43499999999999999999999999999935999999969     36995 356999999999999999999994                   39999999999999999994         5499992                                                                                          
                                                                                                                              2669999496999999999999999999952               669999999999999999999999999999999999994599999999    59992349999999999999999999965553              5549996999999999999995        54969962                                                                                            
                                                                                                                                   56699999969945699999999999999995546669999999999999999999999999999999999999999999954999999  59663298999999999999999999999699999999994545999999999999999996469945    356999965                                                                                                 
                                                                                                                                        55       699999999999999699999999999999999999999999999999999999999999999999996996993 494336969999999999999999999999999999996999999999966999999999999993   56999999                                                                                                      
                                                                                                                                                  69999999999999699989999999999999999999999969966999699669999999999999999923994999999999999999999999999999969999999999999664969999999999696666999966492                                                                                                         
                                                                                                                                                      2569999999999999999999699999999999999999966532555529999999999999999949969999999999998996999942             555446969966699999999999999452                                                                                                                 
                                                                                                                                                               354569999999999999999999699999945         59999999999999999999669999999999999999999965559645             5994696699999452                                                                                                                        
                                                                                                   6999999943                                              599999996999959999969999999962955               28999999999999996469999999665995999999999999969666999999989999996966966454                                                                                                                           
                                                                                                 54969699996662                                     425699999999998999999556645552                           2699999999999999999945          6999999999963 354559999646699666455                                                                                                                                
                                                                                                 564966669999943                               24499464525999999999999942                          594        99999999999994496999999652      59999999999992                                                                                                                                                    
                                                                                                  246966699999996                           6999965     599999999999465                         59999         9999999999999959996499966982      549999999999995                                                    34942                                                                                        
                                                                                                    59999999999692                   2256969645       5496999999996965                        5999999         99999999999999  69945999999999     49999999999999992                                               369999953                                                                                      
                                                                                                     699994466999999964454444546669496945            999999999699643                        299996996         999999999999995  499939899696994    56999999999999999652                                          5696699995                                                                                      
                                                                                                      96669999999464999699699966952                 59999999996696                        29999969965        29999999999999995  499559999999985     6999999999999999999955                                    596999996965                                                                                      
                                                                                                       35496996964                                  99996999999943                        4999999999         599999959999999995  699 999999999999    4999999999999996559966955                               3499999999999                                                                                      
                                                                                                             23                                    399999999696                          599999999994        599999952999999999  599  999999999995     59999999999999943  2499964552                       549999969999964                                                                                      
                                                                                                                                                   599999999995                          596999999994        49999992 9999999996 4996 9999999999994     4699999999999995        3354696669646646469656669666666999969965                                                                                        
                                                                                                                                                   999999999995                         5899999996994        9999999   99999999946994  999999999699       569999999999996               55999996996996552  5  26669644                                                                                          
                                                                                                                                                  5699999999995                        3499999999999        26999999    5699999962995  4999999999999       5699999999999993                                                                                                                                     
                                                                                                                                                  5999999999995                        2699999999999        59999999     59999999999   5999999999969        249999999999699                                                                                                                                     
                                                                                                                                                  2999999999995                        9999999999999        99999999      59969999994  2969999999999          69999999999994                                                                                                                                    
                                                                                                                                                   999999999995                        4999996999999        99999964       249999999995 9999999999992         249999999999995                                                                                                                                   
                                                                                                                                                   59999999999994                      9999989999999        99999995          369999999999945499666642       59956999999999995                                                                                                                                  
                                                                                                                                                    56669999999999995963     56599    26999999999969        9999999             5969699999999999999994555449965   2969999999992                                                                                                                                 
                                                                                                                                                     54969999999699996999999999992    39999999999999        9996996            49     65699999999699999996942       5499999999965                                                                                                                               
                                                                                                                                                        699999999999666996999964       6999999999695       2999999            696        299999999994952              5669999969995                                                                                                                             
                                                                                                                                                             545699996969699664        999999996995        5999996          3694         2999999996995                  45966999969963          356696                                                                                                          
                                                                                                                                                                  3 496452             6996999996         36899995          946          466999999965                      2946999999995     359999969                                                                                                          
                                                                                                                                                                                       2499999992         3999999   54 259945            4999999999652                         26996969999999996669995                                                                                                          
                                                                                                                                                                                         59999694        39999996     64                4999696666493                              5469999996699965                                                                                                             
                                                                                                                                                                                          6999999        49999995                      2699996999999                                     5645445                                                                                                                
                                                                                                                                                                                           3999992       9999995                      6969999999999                                                                                                                                                             
                                                                                                                                                                                             99699       6999992                     59999999669494                                                                                                                                                             
                                                                                                                                                                                              26999     5999964                    599999969664495                                                                                                                                                              
                                                                                                                                                                                                       56999995                 3699999669999995                                                                                                                                                                
                                                                                                                                                                                                       9999696         24995369965699969966962                                                                                                                                                                  
                                                                                                                                                                                                      29999992         599999999996699994955                                                                                                                                                                    
                                                                                                                                                                                                      5999992            594545  255   33                                                                                                                                                                       
                                                                                                                                                                                                     5999999                                                                                                                                                                                                    
                                                                                                                                                                                                     9999995                                                                                                                                                                                                    
                                                                                                                                                                                                    9999994                                                                                                                                                                                                     
                                                                                                                                                                                                   2999999                                                                                                                                                                                                      
                                                                                                                                                                                                  5999696                                                                                                                                                                                                       
                                                                                                                                                                                                 69999994                                                                                                                                                                                                       
                                                                                                                                                                                                59999995                                                                                                                                                                                                        
                                                                                                                                                                                               26699996                                                                                                                                                                                                         
                                                                                                                                                                                              29999694                                                                                                                                                                                                          
                                                                                                                                                                                              4999995                                                                                                                                                                                                           
                                                                                                                                                                                             6999994                                                                                                                                                                                                            
                                                                                                                                                                                            9999999                                                                                                                                                                                                             
                                                                                                                                                                                           5999999                                                                                                                                                                                                              
                                                                                                                                                                                         59999996                                                                                                                                                                                                               
                                                                                                                                                                                         4699996                                                                                                                                                                                                                
                                                                                                                                                                                       349999992                                                                                                                                                                                                                
                                                                                                                                                                                       99999995                                                                                                                                                                                                                 
                                                                                                                                                                                     369999992                                                                                                                                                                                                                  
                                                                                                                                                                                     6999984                                                                                                                                                                                                                    
                                                                                                                                                                                   29969995                                                                                                                                                                                                                     
                                                                                                                                                                                  59999999                                                         6642333                                                                                                                                                      
                                                                                                                                                                                 69999996                                                  5569996669999999952                                                                                                                                                  
                                                                                                                                                                                59999994                                            55469999999699999999996996                                                                                                                                                  
                                                                                                                                                                               49999942                                         469969996999999999996999996665                                                                                                                                                  
                                                                                                                                                                              5999999                                      32499999999999999999999999999965                                                                                                                                                     
                                                                                                                                                                             49999995                                   34699999999966969999999949452                                                                                                                                                           
                                                                                                                                                                            2999996                                 349999999699999669469653                                                                                                                                                                    
                                                                                                                                                                            699994                              496996999999999696664                                                                                                                                                                           
                                                                                                                                                                           499995                            3599999996999699962                                                                                                                                                                                
                                                                                                                                                                         5996995                           6999969999699652                                                                                                                                                                                     
                                                                                                                                                                        2999996                       2569999969999945                                                                                                                                                                                          
                                                                                                                                                                       2699993                       689999996965                                                                                                                                                                                               
                                                                                                                                                                       499995                    299994999995                                                                                                                                                                                                   
                                                                                                                                                                      699994                  59499699999                                                                                                                                                                                                       
                                                                                                                                                                     996999                 96999999666                                                                                                                                                                                                         
                                                                                                                                                                    2899992              34999999955                                                                                                                                                                                                            
                                                                                                                                                                   5999965            2569999996                                                                                                                                                                                                                
                                                                                                                                                                  3999692           369999695                                                                                                                                                                                                                   
                                                                                                                                                                 4999999          39999999                                                                                                                                                                                                                      
                                                                                                                                                                 299996         369999942                                                                                                                                                                                                                       
                                                                                                                                                                5999953       349999953                                                                                                                                                                                                                         
                                                                                                                                                                699994      46999964                                                                                                                                                                                                                            
                                                                                                                                                               496999      2999995                                                                                                                                                                                                                              
                                                                                                                                                              5999992    2699994                                                                                                                                                                                                                                
                                                                                                                                                             2999995   59999965                                                                                                                                                                                                                                 
                                                                                                                                                             999994   5999992                                                                                                                                                                                                                                   
                                                                                                                                                            499999   99999                                                                                                                                                                                                                                      
                                                                                                                                                            999994 599994                                                                                                                                                                                                                                       
                                                                                                                                                           399996 599995                                                                                                                                                                                                                                        
                                                                                                                                                           569995999964                                                                                                                                                                                                                                         
                                                                                                                                                           99994699995                                                                                                                                                                                                                                          
                                                                                                                                                          5999669994                                                                                                                                                                                                                                            
                                                                                                                                                          999999992                                                                                                                                                                                                                                             
                                                                                                                                                         699999995                                                                                                                                                                                                                                              
                                                                                                                                                        356999995                                                                                                                                                                                                                                               
                                                                                                                                                        29969999                                                                                                                                                                                                                                                
                                                                                                                                                        9999996                                                                                                                                                                                                                                                 
                                                                                                                                                       49999992                                                                                                                                                                                                                                                 
                                                                                                                                                       9999992                                                                                                                                                                                                                                                  
                                                                                                                                                      39999995                                                                                                                                                                                                                                                  
                                                                                                                                                      2999992                                                                                                                                                                                                                                                   
                                                                                                                                                      599999                                                                                                                                                                                                                                                    
                                                                                                                                                      499992                                                                                                                                                                                                                                                    
                                                                                                                                                      999993                                                                                                                                                                                                                                                    
                                                                                                                                                      99999                                                                                                                                                                                                                                                     
                                                                                                                                                     299999                                                                                                                                                                                                                                                     
                                                                                                                                                     599998                                                                                                                                                                                                                                                     
                                                                                                                                                     599999                                                                                                                                                                                                                                                     
                                                                                                                                                     699999                                                                                                                                                                                                                                                     
                                                                                                                                                     999995                                                                                                                                                                                                                                                     
                                                                                                                                                     999994                                                                                                                                                                                                                                                     
                                                                                                                                                     566996                                                                                                                                                                                                                                                     
                                                                                                                                                      69996                                                                                                                                                                                                                                                     
                                                                                                                                                      49696                                                                                                                                                                                                                                                     
                                                                                                                                                      49994                                                                                                                                                                                                                                                     
                                                                                                                                                      59999                                                                                                                                                                                                                                                     
                                                                                                                                                      39999                                                                                                                                                                                                                                                     
                                                                                                                                                       89993                                                                                                                                                                                                                                                    
                                                                                                                                                       59995                                                                                                                                                                                                                                                    
                                                                                                                                                       39696                                                                                                                                                                                                                                                    
                                                                                                                                                        9999                                                                                                                                                                                                                                                    
                                                                                                                                                        59965                                                                                                                                                                                                                                                   
                                                                                                                                                         5969                                                                                                                                                                                                                                                   
                                                                                                                                                         29996                                                                                                                                                                                                                                                  
                                                                                                                                                         29996                                                                                                                                                                                                                                                  
                                                                                                                                                          39962                                                                                                                                                                                                                                                 
                                                                                                                                                           5992                                                                                                                                                                                                                                                 
                                                                                                                                                           5999                                                                                                                                                                                                                                                 
                                                                                                                                                            5994                                                                                                                                                                                                                                                
                                                                                                                                                             996                                                                                                                                                                                                                                                
                                                                                                                                                             4994                                                                                                                                                                                                                                               
                                                                                                                                                              4995                                                                                                                                                                                                                                              
                                                                                                                                                               496                                                                                                                                                                                                                                              
                                                                                                                                                               9965                                                                                                                                                                                                                                             
                                                                                                                                                                599                                                                                                                                                                                                                                             
                                                                                                                                                                 4695                                                                                                                                                                                                                                           
                                                                                                                                                                  56                                                                                                                                                                                                                                            
                                                                                                                                                                                                                                                                                                                                                                                                                
                                                                                                                                                                                                                                                                                                                                                                                                                
                                                                                                                                                                                                                                                                                                                                                                                                                
                                                                                                                                                                                                                                                                                                                                                                                                                
                                                                                                                                                                                                                                                                                                                                                                                                                
