                                                                                                                                                                                                                                                                                                                                                                                                                
                                                                                                                                                                                                                                                                                                                                                                                                                
                                                                                                                                                                                                                                                                                                                                                                                                                
                                                                                                                                                                                                                                                                                                                                                                                                                
                                                                                                                                                                                                                                                                                                                                                                                                                
                                                                                                                                                                                                                                                                                                                                                                                                                
                                                                                                                                                                                                                                                                                                                                                                                                                
                                                                                                                                                                                                                                                                                                                                                                                                                
                                                                                                                                                                                                                                                                                                                                                                                                                
                                                                                                                                                                                                                                                                                                                                                                                                                
                                                                                                                                                                                                                                                                                                                                                                                                                
                                                                                                                                                                                                                                                                                                                                                                                                                
                                                                                                                                                                                                                                                                                                                                                                                                                
                                                                                                                                                                                                                                                                                                                                                                                                                
                                                                                                                                                                                                                                                                                                                                                                                                                
                                                                                                                                                                                                                                                                                                                                                                                                                
                                                                                                                                                                                                                                                                                                                                                                                                                
                                                                                                                                                                                                                                                                                                                                                                                                                
                                                                                                                                                                                                                                                                                                                                                                                                                
                                                                                                                                                                                                                                                                                                                                                                                                                
                                                                                                                                                                                                                                                                                                                                                                                                                
                                                                                                                                                                                                                                                                                                                                                                                                                
                                                                                                                                                                                                                                                                                                                                                                                                                
                                                                                                                                                                                                                                                                                                                                                                                                                
                                                                                                                                                                                                                                                                                                                                                                                                                
                                                                                                                                                                                                                                                                                                                                                                                                                
                                                                                                                                                                                                                                                                                                                                                                                                                
                                                                                                                                                                                                                                                                                                                                                                                                                
                                                                                                                                                                                                                                                                                                                                                                                                                
                                                                                                                                                                                                                                                                                                                                                                                                                
                                                                                                                                                                                                                                                                                                                                                                                                                
                                                                                                                                                                                                                                                                                                                                                                                                                
                                                                                                                                                                                                                                     3                                                                                                                                                                          
                                                                                                                                                                                                                            37      98                                                                                                                                                                          
                                                                                                                                                                                                                            505    405                                                                                                                                                                          
                                                                                                                                                                                                                             9003 2882                                                                                                                                                                          
                                                                                                                                                                                                                             383680781                                                                                                                                                                          
                                                                                                                                                                                                                              58 311033331331                                       5000004                                                                                                                     
                                                                                                                                                                                                                       7480086557   773590951                                    760613033001                                                                                                                   
                                                                                                                                                                                                  7253                      7389    5021                                        904  796  7007                                                                                                                  
                                                                                                                                                                                                  00800085                   66195 9502                                      1904    501   402                                                                                                                  
                                                                                                                                                                                                  09 99 3806                6004795825097                                  7805     603    505                                                                                                                  
                                                                                                                                                                                                  40 303  2007            1003   902   602                               3805     1097     405                                                                                                                  
                                                                                                                                                                                                  103 96   7003           33     607     1                            39093     3081      7807                                                                                                                  
                                                                                                                                                                                      34           05 69    7007                 507                               160098217729061        505                    58                                                                                             
                                                                                                                                                                                   591507391       99 99     1097                35                             19005    35537           309                     807                                                                                            
                                                                                                                                                                                  774089001        28203      505                                            750091                     3087                    7002                                                                                            
                                                                                                                                                                                   390  40091      1097       7007                                         30093                       609                      20587                                                                                           
                                                                                                                                                                                   50800001         04         405                                       50067                       3805                       96 02                                                                                           
                                                                                                                                                                                      96 73         097        309                                    20091                        30097                       701 507          7                                                                               
                                                                                                                                                                                      33           706         1097                                76004                         38091               790089653768   0935498880003                                                                               
                                                                                                                     7                                                                             305         1097                              40091                        190047                    20477733     7777 3802                                                                                  
                                                                                                                    303                                                                            503         309                            19005                        750002                         3883         75067                                                                                    
                                                                                                              192 7 603                                                                           709          405                          60057                 741   390093                              309        901                                                                                      
                                                                                                               509 3887                                                                           902         7007                       39002                    39 7600927                              1902          505                                                                                     
                                                                                                                4400301 7754                 16800000000927                                      209          402                     190067                     1090091        757                     308335699   78843 901                                                                                   
                                                                                                                38 3 809906                4082         140083                                  100          3097                   30003                       50003        391102795                300009421 05  96 3900002                                                                                  
                                                                                                          132469947   305                505     733337     19083                151           7901         7007                 39005                        4005           7209480437                         40 103     7361                                                                                 
                                                                                                          35499645    981               503   2800996900041    5003           31 305 14        505          902               750091                        5005            72405 5047                          701407                                                                                          
                                                                                                               799141895082            104  6047        738097 203801         300000003       209          209              50083                         4002                90504384                           9685                                                                                           
                                                                                                               5089205 375902          303 907              405 101205      790083 78853     1001          907            500543                        5005                     92                              3001                                                                                           
                                                                                                             76027 705                 789507                189 103106        805130911     905          309           30057141                     75005                                                        097                                                                                           
                                                                                                             26    704                  1005                  786 301304     7085506505     506           202         1004 3 52                    16005                                                          45                                                                                            
                                                                                                                    42                                         303 997501        104       3087           501       79097 7273                   19082    732546999800000000889965531                                                                                                                           
                                                                                                                                                                06 303784                 7903            503      5003                        78085590000653177                71356000063                                                                                                                     
                                                                                                                                                                99 105 69                 506             503    38067                       180845331                  15556699965317  71590851                                                                                                                
                                                                                                 735690000008945317                                            702 103 48                7083        3551 306   6083                       78087                                    360851    39005                                                                                                             
                                                                                          73480099523177777711325698009431                                    789  487799                902     75943     9077805                       19091          135498000008888800000096537      390927  729041                                                                                                         
                                                                                       2900927                        134000927                              206  167 305               209    1663        308003                      79003      36800094231                 7326000957    750092   3005                                                                                                       
                                                                                    280927       756888000080000089437     734008437                      14083      788        205    7007   25            9087                      5003   729009537       7                      73500957   7380857 76061                                                                                                    
                                                                                 30067          11                73600091       140000951           1290093   73   7887       98987   901                1005                      1003 740005             201293                       750097    190003 3883                                                                                                  
                                                                               5003    73909          777717777        76000517       735980000000008951     3907  1097      306789   505                2001                      604160061            759000008777                         50057    2800053801                     31                                                                         
                                                                             5097   75093      1260000896444698000927     38000093                       158091   903      5097 983  204               1004                      3008063                 71601 90951                            2003     60069002              77   793                                                                         
                                                                           2083   1905     15808537               340061    206 28093     798965555546800853   7606     16091 7903  3097             79093                     790063                    1690000952                               3805     5067                7967 103  737                                                                    
                                                                          903   3081    38093                         3003   7907  19083    2000837777      76005    58083   504   200              9083                      4003                        7 85 69 7       34900089621               7905     309                 9046051903                                                                     
                                                                        7097  7903    4083                              3081   907    30047    390009452590083 73580063    3001   3007           39003                      1806             734800000097              79085377773248000957            803     603          155533997 506                                                                       
                                                                       205   505   1003                                   505   99       28057     735699999899451      74097    409        73600857                       5099006377113548000957     75003           7097              758002          1081    708          7735603   9088957                                                                  
                                                                      205  7881  7902                                      203  702         40053                    15004      9097    73900843                          904  7580000089427 7           3002         305             73    28093         605     407           74091758773337                                                                  
                                                                     503  305   602                           39000003      487  997           158009431      735900053       3005   380437 7                           3007           75900000000927      7905        902        45  202  37  39067       1881    305         9053189509                                                                       
                                                                    305  303  7887                           905  6099      303  501               7326800000096537          4007  392    591                          509          59000437    71400093     1802       402        509503304     19097      7603    706       77   706 7901                                                                     
                                                77                 789  303  505                            601 704         703  501                                       5005   17    784                          7805       2900051           35 160083    1905       7      3534055803        7509       503    7867          703   11                                                                     
                                                69                 203 705  605                             09  50          303  487                                     2009          202                          1003    3900061               35 13 390067   79008623297     159091 7000003       902      202    789           7                                                                           
                                               708                104  99  803                              09  303        706   04                                   19004          1067                          2087 2900851                    7713 7  740093   3906537        40980906            1001     305    799                                                                                      
                                        763    7001   395         503  37 603                               503  403      309   401                                 20005          1901                           300400063                                   140093   7          257 40  987            605     303    704                                                                                     
                                         76082 584579003          88     203  7298000000000893               603  1809468083   403                               190061         16057                           3900051                                          7500857              34                  3097    507    705                                                                                    
                                           79086479082           304     84200092           16005             2097   3521    7901                             750002         74047                          7400061                                                  200002                                7801    897    201                                                                                   
                                             56 7  2453231       202 7  30004240089942555553    5091           7500437    15005                            140005         39957                         3900063                                                         390082                               403   704     407                                                                                  
                                          360082   59999947      503    891          7133317      504             14800000061                           1400041       72992                          280092                                   3                            390047                             607   503     09                                                                                  
                                        56522319659092           503   307       3480000008000093  7887                                              3900851       15651                         3600937                                     709                              39085                            90    89     105                                                                                 
                                               409  9047         202   50    16000093    28008659002789                                          7400097       73537                     16000000067                                         1007                                20083                         109   303     203                                                                                
                                               402   3067        306   99 38086553    20061       748402                                    734000957                                75009217  77                                       73600958093                                740093                 21    603  799    7 503                                                                               
                                               50                788   80083 141    5097            7909                                 36000857                                  1804                                              3900093    3900057                               300067         32  109  58109   203  305 407                                                                              
                                               32                 503 1087 7967   3091                60                            359000951                                    1993                                            7580092           29000853                          303 160041       508098802  801  105  7802 681                           3                                                 
                                                                  109  93 204    305                  73                        290000927     351                               257       7                                   360093            7     72908008637       53           769    740093    2803 503 7 407  799   6005 901                         101                                                
                                                         7325699990081 58305    203                                       7368000853      75951                      71                7657                              75900093         35 11         60083729000637 33 5           7907     1500843245000905  50    501  50304 603                        303                                                
                                                   15900009421  505305 3005    303                                  73900000857        3993                      34957               106                             35900093 75809537 3330983            20001  3 50009 23             3087       750000847333        303  203 887305                       205                                                
                                              73900843        7087  403706    704                           7135900000863         734941                   7126951                 1991                          726538003          35800623800083          1904 11   600027              20027        7400413         305  103  605709                      509                                                
                                           580041    29093   502  7 79089     48                      1249000009421           156627                  7549421                   75847                         1327 38083             77300999                 1903      160082              7500953326005803           185  702   7405403                    9907                                               
                                       750063 7   28063    7901    30399     305              715498000006537            1355537                 1246531                    124953                               79002                 5051209                  405 2      390093              735464377803            185  705      400067                 78301                                               
                                     2005  321 7805       306    189790      503       1560000000953                                        356537                                                              9002                  737    1                   5065         7800067                 9097             305  702        72097                30 02                                               
                                  75097 357  7903        505    505 601783   6813490000000953                                          135217                                                                 30067                                               509          50 190006377       720002               185  703                    727      59 94      7                                        
                                1905  205  7901        7903   10977601 783  790896537                                                17                                                                     10097                                                  3007        705    300000000000062      790909      302  303                     20027  785 587  7409                                        
                               604  309581205         1887   505  403   95  189                                                                                                                            6002                                                     1003        203    203 71117           99   69     203  307                      309691703 30728909                                         
                             404  109  5209          505   309 1 403    95  189                                                                                                                         74005                                                         5097       304    706                581  04     401  40                        78973807  081795                                          
                            801  603   405          901  7901 53502     05  189                                                                                                                        5006                                                            10067      78057  102                36941      987  99                         7997       393                                           
                          204  304     77  7      605  7402 787503     703  304                                                                                                                     79005                                   797                          160057      34899901                         104  702                  71325698083       3688965231                                    
                         502  502           7545904   405  58 501      207  302                                                                                                              733   90047                                     68    196                      5800953777359002                          302  301                 180006377            7713590003                                  
                        403  503            38934903203  3827087       89   481                                                                                                           2527  38003                                        20055803                          73246994537                            691 786                         77402       60517                                         
                       401  303     73547  7 73168 25 5512 402        303   06                                                                                                         3657   50003                                          94 2354                                                                 105  303                          583 29   53 60                                           
                      401  105     3000087    202 71991 7905          06   403                                                                                                      1657   380067                                      75980007   90637                                                              501 709                          90689201 70905587                                         
                     503   99      307703   389  3887 3805           50   105                                                                                                     393    50002                                               941118173557                                                            09  60                         70061  792 307 19003                                        
                    105   507             30831993 28061            501  104                                                                                                   1457   390047                                                30973001                                                                403 503                          7      46 59     357                                       
                    491  705            3002 7  20093              203  709                                                                                                   55    38006                                                   55   784                                                               704 205           26                     20 94                      727                      
                   10375 307          3083  360063                403  309     1                                                                                            25    380003                                                           1                          367      303                         907205            99                     10703                      303                      
                   58755 59         308  30083                   897  204     35                                                                                          72    3006803                                                                                        005    408                         301603         799 89                      9407                      604                      
                   84793 94       309738061                    205   503      53                                                                                              79047902                                   21                                                    7858318445                         90091        77 500496002                  408                       009                      
                   02203795     18072097                      887   601      753                                                                                             2097 504                                   737                                                     39 402791                        1097          60009  703                    206                121   29381                     
                  70356 795    402306                       602    601       163                                                                                            903  209                                          337                                            735602   7989455543                                  509720827                  305                74099902 98499905               
                   02    95  7097887   38000097           505     503        161                                                                                           08   7803                                         60003                                       3900067         58093                                   883506  32                  703                   06       304                 
                   04    66 705503    30557  501       7506  505 304         393                                                                                         786    509                      7                   7592                                             73502    303                                      77  783                       1                    704     69                   
                   997   5830394     103   7 786     2002  6009  98          193                                                                                        183     805                  7  304                                                                     94305306785                                          37                                          1897 7    104                  
                   303   300382      50  77 7401 739067 7905 02 105           44                                                                                       763     7003                  983203799                    3004                                         60022638148097                                                                                  790898903 6089003                
                    991  40501       706  5000990057  5003  50  501           387                           77                                                        73     371083                13 5008005                     30087                                      1091   996    382                                                                                        49183   71                
                    106 10401         70062324957   4061    89  987           785                            713244537                                                      72 7003                15005  300081                    7                                         7     405                                                                                               3069                      
                     7900967   53        7337    3003      105  997            507            7132222317             148937                                                 12  904                  4009909                            25                                          303                                                                                                005                      
                       20511 203               3081        303  867             98     773544523333325980000437          159637                                             12  5001                65  883907                          33                                           1                                                                                                 601                      
                      70975 59               2097          201  997             789  331                   15900043          75657                                          33  7906                    98                                                92                                                                                                                           35                       
                      4075125              3803            201  987               887                          7290061          7253                                             1904                                                                     05                                                                                                                                                    
                     1041533              902              201  203                505                        72490000091                                                         7909                                                             1987  104    77                                                                                                                                              
                     4016 3 71          1097               303  105                 1003               7158000008431  300057                                                       79087                                                            7905 509   507                                                                                                                                              
                     8953  205         305                 104   89                   19061      12400008621             50002              33                                       3004                                                             2098907504                                                                                                                                                
                    1095  309         705                   09   503                     2991360000953                     190093            7557                                     79003                                                            20353803                                                                                                                                                 
                    104   407         04                    90    98                    759000937                             14000957          3557                                    18005                                                   5000086521  249651                                                                                                                                              
                    305  789         40            747      503   305                2900061                                      390000951        365                                    38006                                                      73563  5880000001                                                                                                                                          
                    104  302        702         187887 77    06 57 203          75800957                                              715980000086217 1537                                  7500057                                                   790353587                                                                                                                                                 
                     897 501        307       13760006081    607257 607     73900057                                                          124900009277                                     7600057                                                6092809067                                                                                                                                                
                     503 507     381107        3907  5009     05 43 7907 5800927                                                                     3580092                                      7200091                                           1983  6071003                                                                                                                                               
                     799 507     28 103        300532081      507751  800927                      159000000957                                           380097                                       50005                                         13    403  501                                                                                                                                              
                      205207     48 705    305798590836087     997 33  881                      408517     159061                                          720082                                  1665339004                                             303                                                                                                                                                   
                       50503     48  40    983    309          709 105  403                    09  50000000093 506                                             60002                                       4005                                            83                                                                                                                                                   
                        5004     58   05   903     22           109 193  3097                 6910857       1604188                                              148000631                                  79081                                                                                                                                                                                               
                         500     305  303  506                   788  603  905                0001             90306                                                 1590000953                               3004                                                                                                                                                                                              
                          309    7907  503 7904                   7903 3097 1605              807               6990                                                      7359000941                            9087                                                                                                                                                                                            
                            887   305   305 19007                   506  6097  409             7                30007                                                           7580081                          5003                                                                                                                                                                                           
                             3091  503   7981 5006                   7402 190043719051                          3009                                                                390047   72                   3003                                                                                                                                                                                          
                               38091407 17 209  59091                384603 1900009400067                      19007                                                                   20091 5112                  500                                                                                                                                                                                          
                                  356807 73  5067  580921       73590097 1883 750833253                       30001                                                                      30005747                   409                                                                                                                                                                                         
                                      203 3047 190953  340000000951  503   79097 74005                      40009                                                                          39006                    7803                                                                                                                                                                                        
                                       3097756447 73680094217   7736087      720057 75008537           736009083                                                                             3809   2453             509                                                                                                                                                                                        
                                         5093 19459927   735690998083            50093   159000000000009459067                                                                                 200 9677406           7001                                                                                                                                                                                       
                                           280937 35463      739047                 36000653177777113590841                                                                                     7009    7403          803                                                                                                                                                                                       
                                              159008944469800927                         7335544455337                                                                                            904     104         602                                                                                                                                                                                       
                                                   73333317                                                                                                                                        605     706        602                                                                                                                                                                                       
                                                                                                                                                                                                    404      89       803                                                                                                                                                                                       
                                                                                                                                                                                                     606     705     108                                                                                                                                                                                        
                                                                                                                                                                                                      5091    307   7803                                                                                                                                                                                        
                                                                                                                                                                                                       3003   303  7905                                                                                                                                                                                         
                                                                                                                                                                                                        74081 69  5003                                                                                                                                                                                          
                                                                                                                                                                                                          18000980047                                                                                                                                                                                           
                                                                                                                                                                                                             72237                                                                                                                                                                                              
                                                                                                                                                                                                                                                                                                                                                                                                                
                                                                                                                                                                                                                                                                                                                                                                                                                
                                                                                                                                                                                                                                                                                                                                                                                                                
                                                                                                                                                                                                                                                                                                                                                                                                                
                                                                                                                                                                                                                                                                                                                                                                                                                
                                                                                                                                                                                                                                                                                                                                                                                                                
                                                                                                                                                                                                                                                                                                                                                                                                                
                                                                                                                                                                                                                                                                                                                                                                                                                
                                                                                                                                                                                                                                                                                                                                                                                                                
                                                                                                                                                                                                                                                                                                                                                                                                                
                                                                                                                                                                                                                                                                                                                                                                                                                
                                                                                                                                                                                                                                                                                                                                                                                                                
                                                                                                                                                                                                                                                                                                                                                                                                                
                                                                                                                                                                                                                                                                                                                                                                                                                
                                                                                                                                                                                                                                                                                                                                                                                                                
                                                                                                                                                                                                                                                                                                                                                                                                                
                                                                                                                                                                                                                                                                                                                                                                                                                
                                                                                                                                                                                                                                                                                                                                                                                                                
                                                                                                                                                                                                                                                                                                                                                                                                                
                                                                                                                                                                                                                                                                                                                                                                                                                
                                                                                                                                                                                                                                                                                                                                                                                                                
                                                                                                                                                                                                                                                                                                                                                                                                                
                                                                                                                                                                                                                                                                                                                                                                                                                
                                                                                                                                                                                                                                                                                                                                                                                                                
                                                                                                                                                                                                                                                                                                                                                                                                                
                                                                                                                                                                                                                                                                                                                                                                                                                
                                                                                                                                                                                                                                                                                                                                                                                                                
                                                                                                                                                                                                                                                                                                                                                                                                                
                                                                                                                                                                                                                                                                                                                                                                                                                
                                                                                                                                                                                                                                                                                                                                                                                                                
                                                                                                                                                                                                                                                                                                                                                                                                                
                                                                                                                                                                                                                                                                                                                                                                                                                
                                                                                                                                                                                                                                                                                                                                                                                                                
                                                                                                                                                                                                                                                                                                                                                                                                                
                                                                                                                                                                                                                                                                                                                                                                                                                
                                                                                                                                                                                                                                                                                                                                                                                                                
                                                                                                                                                                                                                                                                                                                                                                                                                
                                                                                                                                                                                                                                                                                                                                                                                                                
                                                                                                                                                                                                                                                                                                                                                                                                                
                                                                                                                                                                                                                                                                                                                                                                                                                
                                                                                                                                                                                                                                                                                                                                                                                                                
                                                                                                                                                                                                                                                                                                                                                                                                                
                                                                                                                                                                                                                                                                                                                                                                                                                
                                                                                                                                                                                                                                                                                                                                                                                                                
                                                                                                                                                                                                                                                                                                                                                                                                                
                                                                                                                                                                                                                                                                                                                                                                                                                
