                                                                                                                                                                                                                                                                                                                                                                                                                
                                                                                                                                                                                                                                                                                                                                                                                                                
                                                                                                                                                                                                                                                                                                                                                                                                                
                                                                                                                                                                                                                                                                                                                                                                                                                
                                                                                                                                                                                                                                                                                                                                                                                                                
                                                                                                                                                                                                     55                                                                                                                                                                                                         
                                                                                                                                                                                                     9                                                                                                                                                                                                          
                                                                                                                                                                                               55                                                                                                                                                                                                               
                                                                                                                                                                                                                                                                                                                                                                                                                
                                                                                                                                                                                          559                                                                                                                                                                                                                   
                                                                                                                                                                                                                                                                                                                                                                                                                
                                                                                                                                                                                      558                                                                                                                                                                                                                       
                                                                                                                                                                                   85                                                                                                                                                                                                                           
                                                                                                                                                                                   99                                                                                                                                                                                                                           
                                                                                                                                                                                252                                                                                                                                                                                                                             
                                                                                                                                                                               2                                                                                                                                                                                                                                
                                                                                                                                                                             452                                                                                                                                                                                                                                
                                                                                                                                                                           058           554                                                                                                                                                                                                                    
                                                                                                                                                                          955         4555                                                                                                                                                                                                                      
                                                                                                                                                                         25         8552                                                                                                                                                                                                                        
                                                                                                                                                                         2         555                                                                                                                                                                                                                          
                                                                                                                                                                       55        2559                 052                                                                                                                                                                                                       
                                                                                                                                                                      9         552                   555                                                                                                                                                                                                       
                                                                                                                                                                     550      9552                    5559                                                                                                                                                                                                      
                                                                                                                                                                             5255                    05555                                                                                                                                                                                                      
                                                                                                                                                                    22      2525                     555555                                                                                                                                                                                                     
                                                                                                                                                                           2525                 5525555555555556                                                                                                                                                                                                
                                                                                                                                                                  22      5228                2525555555555555555                                                                                                                                                                                               
                                                                                                                                                                         2222                      252525555                                                                                                                                                                                                    
                                                                                                                                                                        6225                         55522                                                                                                                                                                                                      
                                                                                                                                                                 5      222                           5254                                                                                                                                                                                                      
                                                                                                                                                                       2222                           252                                                                                                                                                                                                       
                                                                                                                                                                22     222                            425                                                                                                                                                                                                       
                                                                                                                                                                      3225                             4                                                                                                                                                                                                        
                                                                                                                                                                      2225                   20                                                                                                                                                                                                                 
                                                                                                                                                                      222                   225                   025                                                                                                                                                                                           
                                                                                                                                                                     2222       2           2222                  2259                                                                                                                                                                                          
                                                                                                                                                             22      3222      329      22222222222               922                                                                                                                                                                                           
                                                                                                                                                            226      3222      222         22222                                                                                                                                                                                                                
                                                                                                                                                           322       3222      322          222                                                                                                                                                                                                                 
                                                                                                                                                           220       22225      22          526                                                                                                                                                                                                                 
                                                                                                                                                          222        92222      220                             45                                                                                                                                                                                              
                                                                                                                                                          222         2222       2                              822                                                                                                                                                                                             
                                                                                                                                                          222         22223      22                                                                                   25                                                                                                                                        
                                                                                                                                                         6222          2222                                                                                                                                                                                                                                     
                                                                                                                                                         6222          22222       22                                                                                                                                                                                                                           
                                                                                                                                                         6222           22222                                                                                      4                                                                                                                                            
                                                                                                                                                          2229           22222       22                               5                                            2                                                                                                                                            
                                                                                                                                                          3222            222223       42                             2                                                                                                                                                                                         
                                                                                                                                                          22226            322222      922                                                                                                                                                                                                                      
                                                                                                                                                          92323              222223       223                                                                   2                                                                                                                                               
                                                                                                                                                           22222              5222223       5 32                         22                                   526                                                                                                                                               
                                                                                                                                                            32322               3222222       223                         22                                 525                                                                                                                                                
                                                                                                                                                       22   523232                52222224        322                     522              93               322                                                                                                                                                 
                                                                                                                                                       22    323223                  22222228         22                   322                             3229                                                                                                                                                 
                                                                                                                                          32           233    5232233                  62222222                             222             22            2222                                                                                                                                                  
                                                                                                                                          22            230     232222                    02222222                           2229                        2222                                                                                                                                                   
                                                                                                                                          23            322      2332323                     02222222                        02223                      22229                                                                                                                                                   
                                                                                                                                          326            233       32232329                      2222223                      22222         22         22222                                                                                                                                                    
                                                                                                                                          323             233        32223222                       222222                     22222        223       22222                                                                                                                                                     
                                                                                                                                          232             0233         232323222                      922222                    222229      223      222225            29                                                                                                                                       
                                                                                                                                         6323              6233          9322323222                      22223                   222222             222222                                                                                                                                                      
                                                                                                                                         3232               2232            93223222226                    2222     62           6222222          0222222          23                                                                                                                                           
                                                                                                                                         32323               2233               3323232222                   322                  2222222        02222223      32                                  26                                                                                                           
                                                                                                                                       223232336              52232                 3323222235                5229       22        2222222      82222222     2222                           32                                                                                                                  
                                                                                                                                22232323232322232323222         2323                    523222223               220         523     22222225   522222229     22                    82226                                                                                                                        
                                                                                                                                32322222232233232323232          32323                      02222223             23          2222    22222222 322222225                    2322222232                                                                                                                           
                                                                                                                                       03232222                   323229                         22223            2            9     62222222222222222           9232222222222230                                                                                                                               
                                                                                                                                         32323                      23233                           22229                             3222222222222223 022222222222222222226                                                                                                                                    
                                                                                                                                         3223                        322222             5322           222                             222232232232232222222222222222330                                                                                                                                        
                                                                                                                                         6222                 63       323222          522226            22                       032322222222222222222323232323225                                                                                                                                             
                                                                                                                                          232                 22         2322326        2232                               32222222222222323223232232222222233                                                                                                                                                  
                                                                                                                                          222                 223         92222223                                 532222222222222222232222222222322232325                                                                                                                                                      
                                                                                                                                          323                32325           32222239                     232222222222222222232323232222232323222223223                                                                                                                                                         
                                                                                                                                          222            3222222222223         22322222     23    322    332333322222222222222333333323322222223232232222      32333                                                                                                                                            
                                                                                                                                          229               2222235              2222222228                                              23223222232232322       3220   32                                                                                                                                      
                                                                                                                                           2                  222                   2222222239                                          02232232322323232320                 26                                                                                                                                 
                                                                                                                                                              226                     6222222222                                 222    22223223   5223232322                                                                                                                                                   
                                                                                                                                                              22                         2222222223               523          2223     23222329      32323232                                                                                                                                                  
                                                                                                                                                               8                            2222222226             522         33       2223223         22323233                                                                                                                                                
                                                                                                                                                                                               222222223            622    32           232233            2323233                                                                                                                                               
                                                                                                                                                                                                 222222223           322               9223226    923       3232332                                                                                                                                             
                                                                                                                                                                                                    2222222           322              222233     223         332323                                                                                                                                            
                                                                                                                                                            92222222222222222222223                   2222222          222             32322       230          333333                                                                                                                                          
                                                                                                                                                       322222222220                3322223              2222229         222            32230       33              2333                                                                                                                                         
                                                                                                                                                   522222225                           43                3222225        622            2222                         93333                                                                                                                                       
                                                                                                                                                 222222         22                             9           222226        222          2223                            8333                                                                                                                                      
                                                                                                                                              2222224           35                           929            22222        922          2222           33                 8333                                                                                                                                    
                                                                                                                                  222       222222                                           22              32222        222         223                                  33                                                                                                                                   
                                                                                                                                222        22225                  22           24           22                2222        222        6226                                                                                                                                                                       
                                                                                                                               222       22222                    422                      222                 2226        222       322              23                                                                                                                                                        
                                                                                                                              52        22224                      222                    222                  3223        222       220                                        23                                                                                                                              
                                                                                                                              4        2222                         222        22        9222            0      223        222       23                 56                                                                                                                                                      
                                                                                                                            522       5222                          2222       22        222                    222        222       6                                                 33                                                                                                                       
                                                                                                                                     4222              29            2222      22       2222          8         220        522                            3                           0                                                                                                                         
                                                                                                                           55        2520                             2225     22      2222          95         2          622     28                     6                          35                                                                                                                         
                                                                                                                                    5222                    2         52222           22222       22                       222     22                     93                       33                                                                                                                           
                                                                                                                          25        5520                              022225         222226     2222                       222                             3                       6                                                                                                                            
                                                                                                                                    252                        52      522222       222222    0222             62222       222                                                   33                                                                                                                             
                                                                                                                          9        8525                        9222    9222222     2222222    25           522222          223   22                        632                                                                                                                                                  
                                                                                                                          24       9552     9                    522    2222222   2222222              5222225             226        32                    322               536                                                                                                                               
                                                                                                                                   6552     2258225                     52222222222222225         422222228               622            62                 2332             332                                                                                                                                
                                                                                                                          55        255          4525222529              2222222222222225   022222222229                  222   42           23             22333          3333                                                                                                                                 
                                                                                                                                    555              025252222222252259962222222222222222222222222222                     228                    2          032323       33333                                                                                                                                  
                                                                                                                                    2555                  2525252522222225252222222222222222222225                       422                     32233       323333    3333330                       35                                                                                                         
                                                                                                                           02555555555559                    85222525225222225252222222222222225                         226                       32222229  3323233333333332                95  33                                                                                                             
                                                                                                                      555555555555259999                         2222522252522222525222222222                           522                          23232323232332333333333         623335   3                                                                                                                 
                                                                                                                  5555555554                                        825252222525222225222225       22222  22   52      022                            62222323232332332333333333333333333                                                                                                                       
                                                                                                               45555552                                                2252522222525222525222                          22                               52322323323323333333333333333                                                                                                                           
                                                                                                             5555555                                        225252     5222252525222252222252222                       6                                3223232232323323333333333                                                                                                                               
                                                                                                          9555555                                      555  424       2525252252252522525222522222                                                5222222222223232332333233333                                                                                                                                  
                                                                                                         55555                             552                      452525252525225252225252252522225                                       2222222222222323232323233233333333                                                                                                                                  
                                                                                                       55555                               555                     5252525252252525225     0222252522222                             24  222222222222322222232323232332323233333                                                                                                                                
                                                                                                     055556        555      55            85552                   555552525    5252525           2252522225                  2   25                        022223232323333333333339                                                                                                                             
                                                                                                    55555       45558       55         95555555555              25555555        525252                22525222                                             22323232323232333233333333                                                                                                                           
                                                                                                   55555      4555          555        555555555555            5555552          252525     255            5522225                                         92222225 92323323    62333333                                                                                                                         
                                                                                                  55556      5558           955           95555              455552       25     55252      252               022222                                      222232     232333         523335                                                                                                                      
                                                                                                 55558     8555              559           555              55555        255     25555                            025                                    32223        332323                56                                                                                                                  
                                                                                                55555     5558               555           555            45555          55       55559        45                        22                              2225          023236               36                                                                                                                  
                                                                                                5555     855                 5554           5            5554           454       25552                                                                 222              2323                   3                                                                                                               
                                                                                               5555      550         5555    8555                      5558                        5552           455                                                   25                3232                      3                                                                                                           
                                                                                               5554     555          5558     5555                    55               55          2555                           25                                                       222                                                                                                                                  
                                                                                              9555      55                    5555                                                  555                           225                52              32                      3                                                                                                                                  
                                                                                              5555     559                    55555               55                                555           42              252                              5                                                                                                                                                            
                                                                                              5558     55                     95555                                  8              0550          85              5255                             60                         33                                                                                                                                
                                                                                              555      55                      55555                                                 555                          9522              2            2                                                                                                                                                              
                                                                                              555      55                      555554                                                555                           5552                                                         33                                                                                                                              
                                                                                              555      5                       555555                                                 55             25            5555           55                           86                 6                                                                                                                             
                                                                                              555                              5555555                          45                    45                           55555         222                           2222               2                                                                                                                             
                                                                                              5555                             95555559                        559                                      52         555555       952          22              222222                0                                                                                                                            
                                                                                               555                             955555555        9555555555    552                                                  555555       522        2229              422222                                                                                                                                             
                                                                                               555     55                      5555555555555555555555554     555                       55                 55       2555552     655       2222                                                                                                                                                                   
                                                                                               9555                         55555555555555555555559          558                                           552     55555558    25       5252                                                                                                                                                                    
                                                                                                555                    55555555555555555555559              555           555                92             555     5555555           52525                                                                                                                                                                     
                                                                                                 555              555555555555555555555555                 0552           555                                555    55505555        525255                       9                                                                                                                                              
                                                                                                 5555          55555555555555595555555555                  5555           5550                   05555        555   5550 555      2555555                       42                                                                                                                                              
                                                                                                  5554                            5555555                  5550        5555555555                   455559          5559 2555   25555555              9    24                                                                                                                                                   
                                                                                                   5559                           8555555                  5559      5555555555555                     855554       5552  5554 55555555          2522224                                                                                                                                                        
                                                                                                    5559                           555555                  5559          95555                             5555     5555   55555555555       2525529                                                                                                                                                            
                                                                                                     5555                           55555         55       5555           555                                       9555   55555 5555      5555                                                                                                                                                                 
                                                                                                      5555                          55555                  5555           555                                     955555        5555                                                                                                                                                                            
                                                                                                        555                          55555                 95554           55                         095555555555555555       95555555550                                                                                                                                                                      
                                                                                                         5555                        55555         55       5555                            855555555555555555558                 95555555555555                                                                                                                                                                
                                                                                                           5554                       5555                  55555                      555555555555555555555555555990                    55555555555520                                                                                                                                                         
                                                                                                             5555                     5555           9       55554                              9955555555555555555555555      555555555555555555555555555255                                                                                                                                                   
                                                                                                               5555                    5559         55       855559                                                 8555   5   5555555555555555555555555555555555256                                                                                                                                            
                                                                                                                 55555                 5555                   455555                                                5555 55555  5555                         89525555                                                                                                                                           
                                                                                                                    55555               555          855       555555             558                       5555    55505555555  5555                                                                                                                                                                           
                                                                                                                       555555           555                     555555            5555                   55555     55555555 8555585555                                                                                                                                                                          
                                                                                                                           855555        558       45  5         8555554        555555                55555       85555558    555555550    5558                                                                                                                                                                 
                                                                                                                                         555       55              555555        5555                555          555555       55555555      5558                                                                                                                                                               
                                                                                                                                         055        55   555        4555555                     95               555555          5555555       555                                                                                                                                                              
                                                                                                                                          55        55                555555                     4               55555      55    5555555        555                                                                                                                                                            
                                                                                                                                           5        555      5         45555559             55                  55555       55      555555         6                                                                                                                                                            
                                                                                                                                                     55      5           55555555                              95555        55       555554           559                                                                                                                                                       
                                                                                                                                                     555                   55555555                            5559         55        855558                                                                                                                                                                    
                                                                                                                                                      555       55           555555555                        555           55          5555                                                                                                                                                                    
                                                                                                                                                       555                      555555554                    555            55           55559              54                                                                                                                                                  
                                                                                                                                                       5555         554           555555555                   8             55             555                                                                                                                                                                  
                                                                                                                                                        5555                         555555555                              55              555                                                                                                                                                                 
                                                                                                                                                         4555           955             555555555                                                                                                                                                                                                               
                                                                                                                                                          95554                            555555555                                                                                                                                                                                                            
                                                                                                                                                           05555             55              555555555                      55                                                                                                                                                                                  
                                                                                                                                                             55554               55             55555555                                                                                                                                                                                                        
                                                                                                                                                              555556                              555555556                                                                                                                                                                                                     
                                                                                                                                                               8555558                55             55555559               55                                                                                                                                                                                  
                                                                                                                                                                 5555558                 55            55555558                                                                                                                                                                                                 
                                                                                                                                                                   5555555               555             5555555                                                                                                                                                                                                
                                                                                                                                                                     5555555                55             5555555                                                                                                                                                                                              
                                                                                                                                                                       55555555               556           6555555                                                                                                                                                                                             
                                                                                                                                                                         555555555             555            5555550                                                                                                                                                                                           
                                                                                                                                                                           855555555             55            8555556                                                                                                                                                                                          
                                                                                                                                                                              655555555            55            555555                                                                                                                                                                                         
                                                                                                                                                                                 555555554                        555556                                                                                                                                                                                        
                                                                                                                                                                                   855555555         858           555559                                                                                                                                                                                       
                                                                                                                                                                                      55555555          5           55555                                                                                                                                                                                       
                                                                                                                                                                                        55555558        5            55555                                                                                                                                                                                      
                                                                                                                                                                                          5555555        85           55559                                                                                                                                                                                     
                                                                                                                                                                                            555555       65            5555                                                                                                                                                                                     
                                                                                                                                                                                             555555        5           55558                                                                                                                                                                                    
                                                                                                                                                                          55                  555555       55          05555                                                                                                                                                                                    
                                                                                                                                                                          55                   555556      659          5555                                                                                                                                                                                    
                                                                                                                                                                          555                   55555                   9555                                                                                                                                                                                    
                                                                                                                                                                         5555                   95555        55          555                                                                                                                                                                                    
                                                                                                                                                                        455555                   55555       55          555                                                                                                                                                                                    
                                                                                                                                                                   9555555555555555              55555                  8558                                                                                                                                                                                    
                                                                                                                                                                  555555555555555550             55555                  455                                                                                                                                                                                     
                                                                                                                                                                        555555                   55555        55        555                                                                                                                                                                                     
                                                                                                                                                                         5555                    55559                 4550                                                                                                                                                                                     
                                                                                                                                                                         9555                    5555         55       454                                                                                                                                                                                      
                                                                                                                                                                          559                   85559                  54                                                                                                                                                                                       
                                                                                                                                                                          55                    5555          54                                                                                                                                                                                                
                                                                                                                                                                           6                    555           55                                                                                                                                                                                                
                                                                                                                                                                                               555            4                                                                                                                                                                                                 
                                                                                                                                                                                              5550           655                                                                                                                                                                                                
                                                                                                                                                                                             555                                                                                                                                                                                                                
                                                                                                                                                                                            555              4                                                                                                                                                                                                  
                                                                                                                                                                                                            45                                                                                                                                                                                                  
                                                                                                                                                                                                            55                                                                                                                                                                                                  
                                                                                                                                                                                                                                                                                                                                                                                                                
                                                                                                                                                                                                          654                                                                                                                                                                                                   
                                                                                                                                                                                                                                                                                                                                                                                                                
                                                                                                                                                                                                         5                                                                                                                                                                                                      
                                                                                                                                                                                                        454                                                                                                                                                                                                     
                                                                                                                                                                                                                                                                                                                                                                                                                
                                                                                                                                                                                                      45                                                                                                                                                                                                        
                                                                                                                                                                                                                                                                                                                                                                                                                
                                                                                                                                                                                                    44                                                                                                                                                                                                          
                                                                                                                                                                                                                                                                                                                                                                                                                
                                                                                                                                                                                                 45                                                                                                                                                                                                             
                                                                                                                                                                                                                                                                                                                                                                                                                
                                                                                                                                                                                             84                                                                                                                                                                                                                 
                                                                                                                                                                                           846                                                                                                                                                                                                                  
                                                                                                                                                                                           44                                                                                                                                                                                                                   
                                                                                                                                                                                                                                                                                                                                                                                                                
                                                                                                                                                                                                                                                                                                                                                                                                                
                                                                                                                                                                                                                                                                                                                                                                                                                
                                                                                                                                                                                                                                                                                                                                                                                                                
                                                                                                                                                                                                                                                                                                                                                                                                                
                                                                                                                                                                                                                                                                                                                                                                                                                
                                                                                                                                                                                                                                                                                                                                                                                                                
