                                                                                                                                                                                                                                                                                                                                                                                                                
                                                                                                                                                                                                                                                                                                                                                                                                                
                                                                                                                                                                                                                                                                                                                                                                                                                
                                                                                                                                                                                                                                                                                                                                                                                                                
                                                                                                                                                                                                                                                                                                                                                                                                                
                                                                                                                                                                                                    555                                                                                                                                                                                                         
                                                                                                                                                                                                   55555                                                                                                                                                                                                        
                                                                                                                                                                                                    55                                                                                                                                                                                                          
                                                                                                                                                                                                                                                                                                                                                                                                                
                                                                                                                                                                                                    5555                                                                                                                                                                                                        
                                                                                                                                                                                                    55555                                                                                                                                                                                                       
                                                                                                                                                                                                     55                                                                                                                                                                                                         
                                                                                                                                                                                                                                                                                                                                                                                                                
                                                                                                                                                                                                     5555                                                                                                                                                                                                       
                                                                                                                                                                                                    555555                                                                                                                                                                                                      
                                                                                                                                                                                                     5555                                                                                                                                                                                                       
                                                                                                                                                                                                                                                                                                                                                                                                                
                                                                                                                                                                                                                                                                                                                                                                                                                
                                                                                                                                                                                                                                                                                                                                                                                                                
                                                                                                                                                                                                                                                                                                                                                                                                                
                                                                                                                                                                                                                                                                                                                                                                                                                
                                                                                                                                                                                                    55555                                                                                                                                                                                                       
                                                                                                                                                                                                  555555555                                                                                                                                                                                                     
                                                                                                                                                                                                  555555555                                                                                                                                                                                                     
                                                                                                                                                                                                 5555555555                                                                                                                                                                                                     
                                                                                                                                                                                                 5555555555                                                                                                                                                                                                     
                                                                                                                                                                                                  55555555                                                                                                                                                                                                      
                                                                                                                                                                                                    5555                                                                                                                                                                                                        
                                                                                                                                                                                                                                                                                                                                                                                                                
                                                                                                                                                                                                                                                                                                                                                                                                                
                                                                                                                                                                                                                                                                                                                                                                                                                
                                                                                                                                                                                                                                                                                                                                                                                                                
                                                                                                                                                                                                                                                                                                                                                                                                                
                                                                                                                                                                                     5555                                                                                                                                                                                                                       
                                                                                                                                                                                    555555                                                                                                                                                                                                                      
                                                                                                                                                                                    555555                                                                                                                                                                                                                      
                                                                                                                                                                                    555555           5555                                                                                                                                                                                                       
                                                                                                                                                                                                     55555                                                                                                                                                                                                      
                                                                                                                                                                                                    555555                     55555555555555                                                                                                                                                                   
                                                                                                                                                                                                    5555555   555          555555555555555555555555                                                                                                                                                             
                                                                                                                                                                                             555555555555555555555      555555555555555555555555555555555                                                                                                                                                       
                                                                                                                                                                                             55555555555555555555      5555555555    5555555555555555555555555                                                                                                                                                  
                                                                                                                                                                                              555555555555555555       55555                  55555555555555555555                                                                                                                                              
                                                                                                                                                                        55555                   555555555555555        555                        5555555555555555555                                                                                                                                           
                                                                                                                                                                       5555555                 555555555555555555                                     555555555555555555                                                                                                                                        
                                                                                                                                                                        555555                55555555555555555555                                       55555555555555555                                                                                                                                      
                                                                                                                                                                          55            5555 5555555555555555555555                                         55555555555555555                                                                                                                                   
                                                                                                                                                                                       555555 55555 555555      5                                              555555555555555                                                                                                                                  
                                                                                                                                                                                       555555        55555                                                       55555555555555                                                                                                                                 
                                                                                                                                                                                       5555555        5555                                                         55555555555555                                                                                                                               
                                                                                                                                                                                       5555555                                                                       5555555555555                                                                                                                              
                                                                                                                                                                                      55555555                                                                         555555555555                                                                                                                             
                                                                                                                                                                                      55555555         5                                55                 55           555555555555                                                                                                                            
                                                                                                                                                                                    555555555         5555                55555      555555              555555           55555555555                                                                                                                           
                                                                                                                                                       555555555                   5555555555         5555                5555555  55555555              555555            5555555555                                                                                                                           
                                                                                                                                                   555555555555555555            55555555555          5555                5555555555555555               55555              5555555555                                                                                                                          
                                                                                                                                                 555555555555555555555555    55555555555555           5555                 555555555555555                                   5555555555                                                                                                                         
                                                                                                                                                55555555      5555555555555555555555555555            5555                5555555555555555                                   5555555555                                                                                                                         
                                                                                                                                               555555            55555555555555555555555              5555             555555555555555555555                        5555      555555555                                                                                                                         
                                                                                                                                               5555                 555555555555555555               55555           5555555555555555555555555                      555555     55555555                                                                                                                         
                                                                                                                                               555                     5555555555555                 55555            555555555555555555555555                      55555555   55555555                                                                                                                         
                                                                                                                                                                                         5555        55555                    55555555                               5555555    55555555                                                                                                                        
                                                                                                                                                                                        55555        555555                    555555                                 55555555  5555555555                                                                                                                      
                                                                                                                  55555555555555555555                                                 555552        555555                    555555       5555                       5555555  555555555555                                                                                                                    
                                                                                                         55555555555555555555555555555555555555555                                   5555555         555555                     5555        55555                       5555555  55555555555555                                                                                                                 
                                                                                                     555555555555552555555555555555555555555555555555555                           55555555          555555                     555         5555555                     5555555  5555555555555555                                                                                                               
                                                                                                 5555555255255252555555552552555555555555555555555555555555555555              5555555555            555555                                  555555555                   5555555 5555555 555555555                                                                                                              
                                                                                              55525525255555555555555525555555252555555555555555555555555555555555555555555555555555555              555555                                   555555555555               555555555555555   555555555                                                                                                            
                                                                                            5555555555555252525555                               555555555555555555555555555555555555                555555                                    555555555555555            55555555555555     55555555                                                                                                           
                                                                                          5552525525552555555                                            5555555555555555555555555                   555555                                     5555555555555555          55555555555555      55555555                                                                                                          
                                                                                        5525555555552555                        55555555555555555555                                                 555555                                        55555555555555          5555555555555      555555555                                                                                                         
                                                                                      5525552525252555                  5555555555555555555555555555555555555                                        555555                                          55555555555555        5555555555555       555555555                                                                                                        
                                                                                     52552555555555                 5555552555555252525525555555555555555555555555                                   5555555                                            5555555555555      555555555555         55555555                                                                                                        
                                                                                    5552552525252               55555525555525255555555555252     555555555555555555                                 5555555                                               55555555555      55555555555         55555555                                                                                                        
                                                                                   5252525555555              5555252555255555525                            555555                                  5555555                                                 555555555      55555555555         55555555                                                                                                        
                                                                                   52555525252             5552525555555552                                                                          5555555     5555                                          55555555     55555555555         55555555                                                                                                        
                                                                                  52525255552             5525555552525                                                                  55555555    5555555    5555555555                                     555555555    55555555555         55555555                                                                                                        
                                                                                  5555252525            55255525255                                                                  555555555555    5555555   555555555555                                      5555555    5555555555         555555555                                                                                                        
                                                                                 5252555525            5255525555                                                                    55555555555     5555555    55555555555    5555                              5555555    5555555555         55555555                                                                                                         
                                                                                 5255252552          555552552                                                               555     555555          55555555          55      55555                              555555    5555555555        55555555                                                                                                          
                                                                                5252555525          525255555                                                               55555                   555555555                   555     5555                      555555    5555555555        55555555        555                                                                                               
                                                                                555525255          55555252                            5555                           55    5555                    555555555                           5555555                   555555    5555555555       55555555        5555555                                                                                            
                                                                                252525252          2525255                     55555555555555555555               5555555                           555555555                           555555555                 555555        555555      55555555          55555555                                                                                          
                                                                               552555552          552555                    55525252525252525255555555          555555555                           555555555                              55555555               55555         55555       55555555             5555555                                                                                        
                                                                               25252525           25525                  55525555555555555555552525555         555555552         555                555555555                                555555  55555        5555          55555      55555555               5555555                                                                                       
                                                                              525525252          552552                52525552525255255555     555255         555255            5555               555555555              555                 555 555555          55           55555      5555555                 555555                                                                                       
                                                                             25525525             5525                52555255555552                    5555    555               55                555555555              555                    555555                        55555     55555555                  555555                                                                                      
                                                                           255252525               55               5555255525252                       5555555                                     555555555               5                   5555555                         55555     5555555                   555555                                                                                      
                                                                          525252525                                525255252525                          55555555                  5555             5555555555           555                  55555555  55555                   55555    55555555                   555555                                                                                      
                                                                        525252525                                 55555255555                              55255555                55555            5555555555          5555                55555555    5555555                 55555    5555555                   5555555                                                                                      
                                                                     25252525252                                  252525252                         55555   555555555                               5555555555                            55555555       5555555                 5555    5555555                  55555555                                                                                      
                                                                   25252252525                                   555255555                         555555     5252555555               555          5555555555        5555              555555555         5555555                 555    5555555                 55555555                                                                                       
                                                                25252525252                                      525525252                        552525       55555555555            55555        55555555555        5555            5555555555            55555                        555555                 555555555                                                                                       
                                                              25225225252                    525252             525255255                       5555555          55252525555           5555        55555555555         555         55555555555                55                         555555               5555555555                                                                                        
                                                            2522525252                      25255252            52552552                       5552555             55555555555          55555      555555555555     5555         555555555555                                            555555              5555555555                                                                                         
                                                           252525252                       5252525552          525255255                       525552               5555525555555       55555      555555555555     55555      555555555555                      555                     5555555             5555555555                                                                                         
                                                         252252225                          52525252           55552552                         5525                  5255525555555      555       555555555555      555     5555555555555                      55555                     555555            5555555555          555555                                                                          
                                                        22252252                             525252           52525252                                                  55555255555555             555555555555            5555555555555                        55555                     5555555           555555555          5555555                                                                          
                                                        2522525                                               52525552                                                   555555525555555           555555555555          55555555555555                          5                         555555           5555555555          555555              555                                                         
                                                       252522                                                5255525                        55555                          555555555555555         555555555555        55555555555555                  5555                                 5555555          5555555555                           5555555                                                       
                                                       222252                                               5252525                         5252      555                   5255555555555555       5555555555555     555555555555555             5555  5555           5555                   5555555          5555555555                          5555555                                                       
                                                       25252                                              52552525                                    555   5555              55552552555555555    55555  555555   555555555555555          25   5555                555555                    55555555         55555555555                        55555                                                        
                                                       22225                                            525252555                                           5555 5555   5       55555555555555555 555555  555555 5555555555555555          5555  555                  55555                     55555555         55555555555555                                                                                 
                                                       252222                                         525252552                          555                     5555555555       5555552555555555555555  555555555555555555555       555555555                       555555                       5555            555555555555555                                                                              
                                                        252522                                555252525252525                           52525                     525555555        555555555555555555555  55555555555555555555        55555                           555555                                          555555555555                       5555                                                   
                                                         2225222                            52225252525252                              55552                         5252           5555555555555555555  5555555555555555555           55                             55555                                                                            55555                                                   
                                                           225252                           25525252525                                552555                                         555555525 55555555  55555555555555555                                             5555                                                                    5555555555555                                                   
                                                             5225                                                                      555252                                           55555555  55555     5555  55555555                                                                                                                      55555555555555                  555555                          
                                                      22                                                                               52555                                             555555555               55555555555555555555555555                                                                                                      5555555555555555555          55555555555         55555         
                                                     25222      22                                                                       5                                  55555555555555555555555              55555555555555555555555555555555555555555555555555555555555555555555555555555555555555555555555555555555555555555555555          555555555555555555          555555555555        55555         
                                                     22252222225252                                                                                   525255555555555555555555555555555555555555555              555555555555555555555555555555555555555555555555555555555555555555555555555555555555555555555555555555555555555555555555          555555555555555            555555555555         555          
                               2222                  22225252522225                                                           52552555555555555555555555555555555555555555555255552555555555555555                  55555555555555555555555555555555555555555555555555555555555555555555555555555555555555555555555555555555555555555555          5555555555555                5555555555                       
                            222222222              525252222225252                           5252525252525252525252552552525252525525252525252525252525555252525252525525525555525555555555                            2252255555555555555555555555555555555555555555555555555555555555555555555555                                              5555555555555                    555                           
              2222         22222222222          22222222252525222          252525252525252525252525252525252555255525525525555555255252555555555555555525555555555555555555555555555555555555555                  5555555555555555555555555555555555555555555555555555555555                                                                     55555   55555                                                  
             222222       222222222222         252522525222222525          22222252525252525252525252525252525252525255255252525252555552525252555555255555555555555555555555555555555555555555555                55555555555555555555555555555555                                                                                                         555                                                  
              2222         2222222522           2222222252525222222                                                                   555555555252525555252525252525252555555525555555555555555555                55555555555555                                         555                                                                        555                                                         
                            2222522                   2222222525252                                                                                                                      55555555           55555  55555555                                             55555                                                                      555555                                                       
                                                      252525                           52                                                5555                                           55555555 5555555   55555555  55555555                                          555555                                 555555555555                         55555555                                                     
                                                      22225                        2522525252525                                        525255                                         55555555555555555   5555555555555555555        55555                            555555                              555555555555555                           555555                                                     
                                                       252      2                  2252525252252525           2525                      555555                         555555        55555555555555555555 5555555555555555555555      5555555555                       55555                            555555555555                                  555555                                                    
                                                             222522                    25252525225252        52525252                    525255                    5555555555       555555555555555555555 555555555555555555555555     5555555555  55                  5555                           5555555555                                       55555                                                    
                                                             252252                        252525252525       525252552                  555552                   555555255       5555555555555555 555555 555555  555555555555555555         55   5555                                              555555555                                          55555                                                    
                                                             225225                          2525252525         52552552                  552555              555  5555          555555555555555   555555 555555    55555555555555555              555   555         555                           55555555                                           555555                                                    
                                                               25              5252            5252525252          5252552                 555           52  5555              255555555555555     5555555555555       5555555555555555                  555        55555                        55555555                                            555555                                                     
                                                                              2225252          2525252525           555255                              5555                  55555555555555        555555555555         555555555555555                            5555                        55555555           55                               5555555                                                     
                                                                              525222            252525252            255252                                                  5555555555555          555555555555           555555555555555                                                      5555555          5555555                          55555555                                                      
                                                                               25252            252525252             252552                    5555                       5555555555555            555555555555      5555   555555555555555                                                   55555555         555555555                       555555555                                                       
                                                                                               5252525252             5552555                   5555                      555555555555     5555     555555555555     55555      5555555555555                    555                          55555555          555555555                     555555555                                                         
                                                                                              2525252525               255252                                            55555555555       55555    555555555555      5555        5555555555555                 55555                        555555555           5555555                   5555555555                                                           
                                                                                             5252525252                525525                                           55555555555        5555      55555555555       55555         555555555555              555555                        55555555             55555                 55555555555                                                             
                                                                                            2525252525                 525255   52                  5555              5555555555         55555       5555555555        55555           555555555555           555555                        555555555                                 55555555555                                                               
                                                                                            52525252                   555525  5555                 555555           5555555555          55555       5555555555         5555             55555555555        55555555                        55555555                                5555555555                                                                  
                                                                                           25252525                   5252552  25255                55255555       5555555555            55          5555555555           5555              5555555555      555555                         555555555                              5555555555                                                                    
                                                                                           2525252                    5525255   55555                55555555     555555555            55555         5555555555           5555                555555555     55555                         555555555                              555555555                                                                      
                                                                                           5252525                    2555525   52525                  555555   555555555               555           555555555                                  55555555                                5555555555                            555555555                                                                        
                                                                                           2525252                   5525255    55555                   55555  55555555                55             555555555              555                   55555555                             5555555555            5555            55555555                                                                          
                                                                                           525252                    5555525     5255                         5555555                 5555            555555555             5555                     5555555                          55555555555            555555          55555555                                                                           
                                                                                            525252                  52525255     5552                        555555                   555             555555555                                        555555                       555555555555            555555          555555555                                                                           
                                                                                            2525252                52555555      52555            5555      555555 5555                               555555555                 55               5555     555                    55555555555555            5555555         555555555                                                                            
                                                                                             52525525              55525255     555525           555555     555   5555555           555               555555555                 55            55555555           5555555555555555555555555555            55555555         555555555                                                                             
                                                                                              255255252           52555555      525555    555    555555           5555555555       5555                55555555                            5555555555            555555555555555555555555555            55555555          555555555                                                                             
                                                                                                25255255         55525252       555255   55555  555555              5555555555                         55555555                           555555555               55555555555555555555555             555555555          555555555                                                                              
                                                                                                   25525        525255555       525555   55255  555555                 555555                          55555555                            555555                     555555555555555               5555555555          5555555555                                                                              
                                                                                                                52552525        555255   55555  5555555                         55555                  55555555                   55555                                                          55555555555           5555555555                                                                               
                                                                                                               52525555         55555    52555  5555555                         55555      5           55555555          55555    55555                                                      55555555555555           55555555555                                                                               
                                                                                                               55552525         52525    55525  55555555                                 55555555555    5555555     55555555555     5                                                    5555555555555555            55555555555                                                                                
                                                                                                              525255555        555555    55555   55555555                                55555555555    5555555    555555555555                          555                       5555555555555555555             5555555555555                                                                                
                                                                                                              52552525         555555    55555    55555555                                 555555555    5555555    55555555                             5555555555555555555555555555555555555555555               555555555555                                                                                  
                                                                                                              55255555         525255    555555   55555555555                                           5555555                                          555555555555555555555555555555555555555               55555555555555                                                                                   
                                                                                                              555555255        555555    555255     555555555555                                        5555555                                                555555555555555555555555555                   555555555555555                                                                                    
                                                                                                              252525555        555525    555555      555555555555555                                     555555                              5555555555555555555                                        555555555555555555                                                                                      
                                                                                                               55555252       5525555    555555       5555555555555555                                   555555                        55555555555555555555555555555555555                        55555555555555555555555                                                                                       
                                                                                                               525555555      5555555    5555555         555555555555555                                 555555                    55555555555555555555555555555555555555555555555555555555555555555555555555555555555                                                                                          
                                                                                                                552555555     5555255     555555            5555555555555                                555555                  55555555555555555555555555555555555555555555555555555555555555555555555555555555555                                                                                            
                                                                                                                 555252555    5525555     5555555               5555555555                               555555                5555555555                       555555555555555555555555555555555555555555555555                                                                                                
                                                                                                                   55555555   5555555     5555555                   555555        555                    555555              555555555                                  555555555555555555555555555555555555                                                                                                    
                                                                                                                    555255555 55555555     5555555                   55555       55555                   555555             5555555                                                 555555555555555                                                                                                             
                                                                                                                      5555555555555555      5555555                   5555       555555                  555555            5555555                                                                                                                                                                              
                                                                                                                         5555555555555      55555555                            5555555                  555555            55555                                                                                                                                                                                
                                                                                                                           555555555555      55555555                          555555555                 555555           55555                                                                                                                                                                                 
                                                                                                                              555555555       5555555                   555555555555555555555555          55555            55        55555555555                      555                                                                                                                                       
                                                                                                                              555555555        5555555                 5555555555555555555555555          55555                   555555555555555555                55555                                                                                                                                       
                                                                                                                               555555555         55555                   555555555555555555555            55555                 5555555555555555555555             555555                                                                                                                                       
                                                                                                                               555555555                                     55555555555555               5555                55555555555555555555555555555      5555555                                                                                                                                        
                                                                                                                               5555555555                                    555555555555555              5555               555555555555555555555555555555555555555555                                                                                                                                         
                                                                                                                                5555555555               555555             55555555555555555             5555              555555555555           555555555555555555                                                                                                                                           
                                                                                                                                55555555555              555555             55555555  5555555             5555             55555555555                  5555555555                                                                                                                                              
                                                                                                                                 5555555555              555555             55555         5                                555555555                                                                                                                                                                            
                                                                                                                                 55555555555              555               555                                           555555555                                                                                                                                                                             
                                                                                                                                  55555555555                                                                             5555555                                                                                                                                                                               
                                                                                                                                   555555555555                                                                          5555555                                                                                                                                                                                
                                                                                                                                    5555555555555                                                         5555           5555555                                                                                                                                                                                
                                                                                                                                     55555555555555                                                       55555           555555                                                                                                                                                                                
                                                                                                                                       55555555555555                                               5     555555   55555  555555               55                                                                                                                                                               
                                                                                                                                        555555555555555                                           5555555555555555555555  55555              555555                                                                                                                                                             
                                                                                                                                          5555555555555555                                        555555555555555555555    555              5555555                                                                                                                                                             
                                                                                                                                            55555555555555555                                       55555555555555555                        55555                                                                                                                                                              
                                                                                                                                              555555555555555555                                      555555555555555                                                                                                                                                                                           
                                                                                                                                                 555555555555555555                        555       55555555555555555                                                                                                                                                                                          
                                                                                                                                                    5555555555555555555                   55555     55555555555555555555                                                                                                                                                                                        
                                                                                                                                                        55555555555555555555           55555555    555555555555555555555                                                                                                                                                                                        
                                                                                                                                                            555555555555555555555555555555555      55555555555555                                                                                                                                                                                               
                                                                                                                                                                 55555555555555555555555555                555555                                                                                                                                                                                               
                                                                                                                                                                       55555555555555555                   555555               55555                                                                                                                                                                           
                                                                                                                                                                                                            5555               5555555                                                                                                                                                                          
                                                                                                                                                                                                             55                5555555                                                                                                                                                                          
                                                                                                                                                                                                                               5555555                                                                                                                                                                          
                                                                                                                                                                                                                                  55                                                                                                                                                                            
                                                                                                                                                                                                                                                                                                                                                                                                                
                                                                                                                                                                                                                                                                                                                                                                                                                
                                                                                                                                                                                                                                                                                                                                                                                                                
                                                                                                                                                                                                           555555                                                                                                                                                                                               
                                                                                                                                                                                                          555555555                                                                                                                                                                                             
                                                                                                                                                                                                         5555555555                                                                                                                                                                                             
                                                                                                                                                                                                         5555555555                                                                                                                                                                                             
                                                                                                                                                                                                         5555555555                                                                                                                                                                                             
                                                                                                                                                                                                          55555555                                                                                                                                                                                              
                                                                                                                                                                                                           555555                                                                                                                                                                                               
                                                                                                                                                                                                                                                                                                                                                                                                                
                                                                                                                                                                                                                                                                                                                                                                                                                
                                                                                                                                                                                                                                                                                                                                                                                                                
                                                                                                                                                                                                                                                                                                                                                                                                                
                                                                                                                                                                                                                                                                                                                                                                                                                
                                                                                                                                                                                                             5555                                                                                                                                                                                               
                                                                                                                                                                                                            555555                                                                                                                                                                                              
                                                                                                                                                                                                            55555                                                                                                                                                                                               
                                                                                                                                                                                                              55                                                                                                                                                                                                
                                                                                                                                                                                                                                                                                                                                                                                                                
                                                                                                                                                                                                              555                                                                                                                                                                                               
                                                                                                                                                                                                             55555                                                                                                                                                                                              
                                                                                                                                                                                                             5555                                                                                                                                                                                               
                                                                                                                                                                                                                                                                                                                                                                                                                
                                                                                                                                                                                                               55                                                                                                                                                                                               
                                                                                                                                                                                                              5555                                                                                                                                                                                              
                                                                                                                                                                                                              5555                                                                                                                                                                                              
                                                                                                                                                                                                                                                                                                                                                                                                                
                                                                                                                                                                                                                                                                                                                                                                                                                
                                                                                                                                                                                                                                                                                                                                                                                                                
                                                                                                                                                                                                                                                                                                                                                                                                                
                                                                                                                                                                                                                                                                                                                                                                                                                
