                                                                                                                                                                                                                                                                                                                                                                                                                
                                                                                                                                                                                                     937187                                                                                                                                                                                                     
                                                                                                                                                                                                    0  57  7                                                                                                                                                                                                    
                                                                                                                                                                                                   72 059  2                                                                                                                                                                                                    
                                                                                                                                                                                              74     71478     17                                                                                                                                                                                               
                                                                                                                                                                                          392 6  87727 6  42358 4 143                                                                                                                                                                                           
                                                                                                                                                                                        71     43 9  8 4 3  5  0      5                                                                                                                                                                                         
                                                                                                                                                                                       29  0   9  73 3 5 0  3  8   47 041                                                                                                                                                                                       
                                                                                                                                                                                     8    9741  27 5  74 5 9 78   6 03   17                                                                                                                                                                                     
                                                                                                                                                                                    9  3947   2  57 8 253 3  6  53  72031 0                                                                                                                                                                                     
                                                                                                                                                                                    933    53770  6 3 955 8 9  67 39    349                                                                                                                                                                                     
                                                                                                                                                                             58942254982 781 37 8  4730567337 4  9  87 790653259891                                                                                                                                                                             
                                                                                                                                                                       967   35961       78 75 8 0 5 8856379 5 5 75 87        9953   7687                                                                                                                                                                       
                                                                                                                3089803                                           701 730377730             87970 5 499544 7716 0 8             503777057 701                                           7600083                                                                                                                 
                                                                                                             53         97                                     93  597 3034955   3507 304    370 42 9607995 43 8 8    405 7903   19627587756  49                                      07        19                                                                                                              
                                                                                                            5  707   10   0                                307  099003  5 470 7 0 5923 7 16 3 8908075 911 0 80000  731   754170   739 5 73809403 783                                53  037  782  33                                                                                                            
                                                                                                           9  8   0905  3  5                            44  300         85 3   4 3 0974   53777331111371111111111 270   0 90 472   8 19   7 7  7089  26                             1 77 7000   27 13                                                                                                           
                                                                               367   39                   9  0  37    8 6  8  889                   701  55 93  62843     39   8  9 97979 74777625555522222222327 317 328 8 6  4   93    7305865  0739  10                    488  9  8 6   778  9  9          2779   391739                                                                                    
                                                                             31  59592  6                 0  0  91   42 0  9979775               857  82707 5 7702     0 6  03 84   707 87179 51                1 473 9  074   9 5 5 8707    9535 73 01107  387              9 78745  8 31   5 4 37 2         96  7226 3    1                                                                                   
                                                                            57 2       5 9                9  3  8 4    8  3 578378          603   70 30800001771015417  4 399  570 675547306  0133333323232331170  32045 018 7437 947 0  78174618  0000008795   794          9  0 8 0  0      37 0  0        2   73  8 7    3                                                                                   
                                                                           71 6        77 5                87 1479 7527 7874 03   7111777      697957171  396530777776  31367 853 102  7348 70  511703716173 70  84 7039  9957 36779590  97717 74767377 5 7181387     77711177   8 8752  351 51 8 727         7657           8                                                                                  
                                                                           6  1         9 2                 6 3  9066577 177777263117     501792 87 79 72   91  7900577 387  953 77       7354 707910471699 9185  02         571037 2918  70001   0   0  78179 397184      7315377  7  7149960776767         3 79  2        3                                                                                   
                                                                           4 6          7371       7         79                    7404  367   77     596   7 70   7 40690911   739     44     06279  436  03 20     84     407    7891714  7 705      982        7 51 73093                    25             7   5  2  2343                                                                                   
                                                                          73 9           8 9      3 3       5554908966699000004256666666444544446666666666666644444444444444444445444444444444444546699099964444444445555555554444444444466966644466666669999999999964455555555540000089966690644462          4  7  73       7                                                                                  
                                                                          1  5           5 0   1  1173     73                                                                                                                                                                                      9      5  5  3   9         1                                                                                 
                                                                          1  2           3 6  9  1 1 3      4405466699999999999998888999999999999999999999999999999999999999999998888888888999999999999999999999999999999999999999999999999999999999999999999999999699999999966666696664455555555445      1 53 67   3  9  7 79       387   38                                                                   
                                                                          3  3           7 2      5517         9                                                                                                                                                                               7           99  2 4    9  73        67   1     2                                                                 
                                                                          3  3           7 37      91974        20334317000000000000000000000000000000000000000000000000000000000000000000000000000000000000000000000000000000000000000000000000000000000000000000000000000000000000000077133362             4  9 5   2791        0  36   393  31                                                               
                                                                          3  3            717         7 2        8  57  9                                                                                                                                                              9  73  4                173  3  9         5  9       13  2                                                               
                                                                          2  3            171          17        8  51  9                                                                                                                                                              9  73  6         792392    9  1 7 39      9 3         57  2                                                              
                                                                          3  3            171          3 41      8  51  9                                                                                                                                                              9  73  4    4347777   71     637    270   6 17         4  8                                                              
                                                                          3  1            371           9   0    8  51  9                                                                                                                                                              9  73  4   0   7      6         70    311 71 9         67 9                                                              
                                                                          2  3            173    970  4 3  73 9  8  41  9                                                                                                                                                              9  73  6   4 7    5325            34  77 1  1 9        57 6                                                              
                                                                          3  3            173    5    2765  5  360  41  9                                                                                                                                                              9  73  6    6 7       5          0     372   3 6       2  8                                                              
                                                                          3  3            173    71 9     73 6  70  41  9                                                                                                                                                              9  73  6   5  4  993  6           8879 5727  6 1       57 8                                                              
                                                                          2  3            1 3     93 74    9 62739  41  9                                                                                                                                                              9  73  9    2   73   5               57  4  75 9       67 3                                                              
                                                                          2  1            7 3      8  1637 63 0  9  47  9                                                                                                                                                              9  73  9    6293 72 4              57  74  2 19        6717                                                              
                                                                          2  3            773           7 31 96  9  47  9                                                                                                                                                              9  73  9    39 2                 477   71  39          5 9                                                               
                                                                          2  3            1 3          5 70 730  9  47  9                                                                                                                                                              9  73  6    32 76               9737   36             73 4                                                               
                                                                          5  3            1 1        07 777   0  9  47  9                                                                                                                                                              9  73  6  73  17 39          351732  34               6 4                                                                
                                                                          5  3            171        6  749  73998  47  9                                                                                                                                                              9  73  6  3715 6   8        4 3   5  4 5              6 5                                                                
                                                                          2  3            171     3990 3 61  6   0  47 79                                                                                                                                                              9  73  9019397 94  97       0      1 2 37             71                                                                 
                                                41  9                     2  3            171    79977 3 7355  5 8  67 79                                                                                                                                                              9  73  9   8 9718 57 79      0 33 7 1  5             5 6      57 31                                                      
                                                02  8                     2  3          3 7172333   732 8     2 98  47  9                                                                                                                                                              9  73  8 5 788  7  73          43    5               537      6  25                                                      
                                                053 0                     2  3          31 7 237 47   257  257 9 9  47  9                                                                                                                                                              9  73  9 77  1 8  59           53  3 2              176       6  25                                                      
                                                053 0                     3  3          1717 6890    01979195189 9  41  9                                                                                                                                                              9  73  63314 414578         934555555523 3          82        6 725                                                      
                                                055 0                     3  3            1 3 974      57 71513  9  51  9                                                                                                                                                              9  73  6 5959677             91       516    7     573        6  55                                                      
                                                055 0                     3  3            373 914      5771537   8  41  9                                                                                                                                                              9  73  4   23 73           769496966666665  19     39         6 755                                                      
                                                055 0                     3  3            373 914      5771527   8  41 79                                                                                                                                                              9  73  4   33 73           9571       715 6 55    99          6 755                                                      
                                                055 0                     1  2            371 934      57 122    9  41 79                                                                                                                                                              9  73  4   11173            3177      7251  83   95           6 754                                                      
                                                055 0                     17 2            311 934      5  1327   9  61 79                                                                                                                                                              9  73  4   73273             773     7517   857 857           6 754                                                      
                                                055 0                     1  5            31319391     2  1327   9  67 79                                                                                                                                                              9  73  4   73973             773     7537   17  3             6 754                                                      
                                                055 0                     1  5            3351   25    2 9525567 9  67  9                                                                                                                                                              9  73  4   499995            773     7537    413              9 754                                                      
                                                055 0                     17 5            1151111 9    2 5222327 6  67  9                                                                                                                                                              9  73  4   422338            7131     517   837               6 754                                                      
                                                051 0                     17 5            171 979      2 9   75  9  47  9                                                                                                                                                              9  73  6   07  12            7731     517   72              73222339447                                                  
                                                052 0                     31 4            173 979      27319179  9  47  9                                                                                                                                                              9  73  6   988882            7137     217  7 7         29517 5    13 54                                                  
                                                055 0                     95 4           7773 976      67793 3 8 9  67  9                                                                                                                                                              9  73  6  373 77527          7737     211  23        6191    432235313                                                   
                                                055 0                    91  4         2996699976     2 9 41967369  67 79                                                                                                                                                              9  73  4793715 3 37          7735     231  22      728        57754                                                      
                                                055 0                  783  12         74313159 9     3   676    9  67  9                                                                                                                                                              9  71  4     9 7 3 7         7732      31  327     977        5 754                                                      
                                                055 0               3913   54            9 76 679      304   37  9  67 79                                                                                                                                                              9  71  4    342 379          7732     611  137     52         4 754                                                      
                                                052 0             735     56             7347 919      3 97 32   9  67  9                                                                                                                                                              9  73  6   8    13           7772     911  737     55         4  55                                                      
                                                052 0            755    536                   939      37  25    9  67 79                                                                                                                                                              9   3  6    5318             7732     617   37  58888080      4  54                                                      
                                                053 8            477   24                     939      3    5    9  67 79                                                                                                                                                              9  73  6                     7732     617   17   6   736      5  54                                                      
                                              969999965        469699999993      831111113336 636      3    5    9  67 79                                                                                                                                                              9  73  9                     7732     617    7    9  17       5  54                                                      
                                              017777779        625233333379       955   11297 614      37   5    9  6  79                                                                                                                                                              9  73  9                     7735     617   23    9772        4 754                                                      
                                     244445446 65   37 92223332264522222433322222292      733362933333353333633339  4  79                                                                                                                                                              9  73  9                     7732     411   84    67 3        6 754                                                      
                                    2   133314 44   27 9233177  77113332222555554482      754555555555223332222339  6  79                                                                                                                                                              9  73  6                     7732     417   44     62         6 744                                                      
                                     733333339705   377611111111527711112111111877 77        101971111131111511118  67 79                                                                                                                                                              9   3  6                     7777     617    33    92         6 744                                                      
                                              973311  6         53     13      9 77777777777 18 9      37   5    8  6  79                                                                                                                                                              9  73  6                     17       411    99    93         6 746                                                      
                                               30962027         42     137      5 7        25 879      3    5    8  67 79                                                                                                                                                              9   3  6                     87       7 5     35   93         9 746                                                      
                                                055 8           42     73       2 7        54 819      3    5    8  97 79                                                                                                                                                              9  73  6                    0 7        611    99   937        4  56                                                      
                                                055 0           45     73       2 7        54 819      3    5    8  6  79                                                                                                                                                              9  73  6                 2673           1 93  68   93        797 46                                                      
                                                052 8           57      2       2 7        54 879      3    5    8  6  79                                                                                                                                                              9  73  6       3953317  257               33 496966864646444621    917                                                   
                                                053 8         3953     4 91     2 7        54 979      3    5    8  6   9                                                                                                                                                              9  73  6     173  3466537151                2777777777777711 5    397519                                                 
                                                053 0     38773           3726  2 7        54 979      37   5    8  6  79                                                                                                                                                              9  73  6    73  2         10 4           57902     977     75217  3424 5                                                 
                                                05  0   61223              2 2783 7        54 979      37   5    8  6  79                                                                                                                                                              9  73  6    57 8            2 3        7787  3     677       409989  575                                                 
                                                053 0 67617                  7  3 7        54 919      37   5    8  9  79                                                                                                                                                              9   3  9    6379             36        15          477        4 755  535                                                 
                                                05  03317                       3 7        54 919      3    5    8  6  79                                                                                                                                                              9   3  9    6778            1 3        75          477        5 754  515                                                 
                                                052 04                         73 7        54 879      9966695   8  6  79                                                                                                                                                              9  71  9    5779           133           0         477        5 754  515                                                 
                                                052 049537                     16          54 876     14333339   8  6  79                                                                                                                                                              9  71  9    37777         75            1 9        571        5  54  535                                                 
                                                052 8                           5          54 816      27    0   8  6   9                                                                                                                                                              9  71  6     8  57        13             5 0       5 1        5 754  535                                                 
                                                052 0                           4 7        55 819      3509881   8  9  79                                                                                                                                                              97 73  6     77 536     276 5             3 0      5 2        4 756  535   73339                                         
                                                052 0                           95         3 3919     6179 538   8  9   9                                                                                                                                                              9  73  6      02  57245172 5               3 6     273        4 754  232    6 17                                         
                                                053 0                          91           27976    6 339 727   8  4   9                                                                                                                                                              9  77  6      7975        4                 4 5    373        4 754  23355999 333                                        
                                                053 095177                   731             5766    8   9 5777938  75  9                                                                                                                                                              9  5   922222232457235   4 2                 5 4   2774       6  54  22          5                                       
                                                043 05   7113333322233333311135               1 8      6 7 5554379   8  9                                                                                                                                                              9  9   4           111  4 3                   373  67527      6 754  2394555559029                                       
                                                053 012                    3 5                 7 9    6 3   7771 9   3  9                                                                                                                                                              9 9    4           75577396999999999999996431  7   49 36      4 754  33527    69                                         
                                                053 9413 7                2 2                    78    323  752  9    5 9                                                                                                                                                              9 9    4           37250637                 15851752  0 5     4  55  32898    99                                         
                                                053 9 124 1            728 3                      78   9 91 10   9    9 9                                                                                                                                                              9 5    4    3     31  2                        7 714  73 9    5  55  81 5    7  9                                        
                                                052 077 974   257       9 1         7 7             972   73 1 9 9    8 9                                                                                                                                                              9 3    4    5    34  77                         7 16   61 5   5 755    94      19                                        
                                                042 8 817 59797735523379 82                   7   38 8 79 73 555 9    8 9                                                                                                                                                              9 3    4    2 39 4                               1 75  55 23  5 755    6      1 9                                        
                                                043 8   072   982  7  8 1                           7 555    17  9    8 9                                                                                                                                                              9 3    6 1  3 5657  7                             37 9 34 70  57755     32    12                                         
                                                045 0     18137      8 2                             774 08657   9    9 9                                                                                                                                                              9 3    671  3 481                                  37 0 109 19211509998632    12                                         
                                                045 0          739008 25                               1379      9    9 9                                                                                                                                                              9 5    633  3 8                                      7 9    34 57235   952   1191                                        
                                                052 8              8 36                               7 2276     9    6 9                                                                                                                                                              9 9    536 728                                        4 4   16 7726   7425   53722                                       
                                                053 8             97 5                                 1 238379949   37 0000000000000000000000000000000000000000000000000000000000000000000000000000000000000000000000000000000000000000000000000000000000000000000000000000000000000000 79   526 79   2                                      4 8    8  23    917   77775                                       
                                                053 8            5776                                  77 31     9  9                                                                                                                                                                     55  546 172 3                                      4 3 3   8  23     33    17                                         
                                                052 0           92                                       6 62    9   0  30000000000000000000000000000000000000000000080800000000000000000000000000000000000000000000000000000000000000000000000000000000000000000000000000000000000000007  6  566 67  4                                      2 5 8   8  33     32000091                                         
                                              377133733        87 5 7                                     3 79 7 8  9   3 9      0 9      070      4 0      0 9      8 2      67 0      3 9      5 4      5 57     3718      9 6      2 9      9 65     6 89     11                     37 17 464 125  1                                       177   8 733     35    77                                         
                                            6419      5        8 1 2 3652                               477774   9 71  0 508998807 08999999188888880708888805 00000005 60080000 700000001 08080005 599998007388800005 80000000 80008888 60000009 760000000 50888990                      9  2 9     07    13                             31  5 87    6  33     15    77                                         
                                        30 7933       4707      8 2               77777777777777          6757  2  9  3  8      679      9 4      075      0 3      0 9      0 9     7974     35 7     71 3     2533     7733      153     1721      292     1554      30      9797     7 9  832     79775537                          265  707      90083    365    7142                                       
                                     39   627 77        743      3037      7 77 7  7                7 777202 7 07 4   5 37     79 3     4072     39 5      9 0     76 9      6 1      4 2     35 7     73 5      9 8      5 9      6 0      0 9      0 67     6 93     2 4      640     21 8  870        14808955337777777 777771335490093        9777777773291777     72891                                    
                                  927     7                                                                   77137  9  5      3 0777  2878      973     7573177 771133      3 7     75 37777772 177 7 72 8    7 4 0 7 7770787777 7973      3767777771721     7371 7 777847      701771118 73  0   777                                        7777                          78                                  
                                  55544455555445555555555554444445555555555555555555555555555555555555555555555559  5  0             1279      9757     79 3      9 37      0 9      2 71      0 0      13 2      9 4       4 0      3 55      8 87     3353      9 31           8 23     9 3   0699666644666666666666444444446466666466444444444444444444445454444666666444529                                 
                                  5000000000000000000000008080808000000000000000808080808080000000000000000088880   3 67             0957      0 8      3737      0 8      15 5      5 11      0 8      75 4      4 37      0 9       5 0      1 35      8 0      3398            929      0 0  700000000000000000000000000000000000000000000000000000000000000000000000000008                                  
                                  9999999999999999999999999999999999999999999999999999999889999998888899999999981  0 737117717111717787977  77717777 77707077   770 97777 737 27    74 37    77078777  775 87     31 17   77473177  77874777  7787977   777337777730302555555555559186     75 8   99999999898999999999999999999999999999999999999999999999999999999999999999999                                 
                                                                                                               2  3  8                   82 1      9 2       0 9       0 8      13 5      2 72      8 9       9 0      73 5      2 75      9 21      8 63      0 96                 608     7  0  31                                                                                                            
                                                                                                              0  73 8                   99 8       0 0      78 0      76 9      31 2      2 73      9 47      0 0       8 0      76 0      72 8      7379       5 53711131111131117773523333321 5  5                                                                                                            
                                                                                                             5   9 13111111133333333333156757777777573777 7 3173777777117277777727137777773713777 77575777777707977777770 077777770 9777777707877777770 977777778751333332222222222238153332253 17  5                                                                                                           
                                                                                                            32  3  5                 89         1                                                                                                  33        90   777 9137        97          74 5   0                                                                                                          
                                                                                                            6   6 077777777171111111317         0      7   7                                                                                    7  78        571771113330871117771701111131133337 0   0                                                                                                         
                                                                                                           5   8 70000888808000000000568888889 10999999455555557                                                                         833333333335 708888880890800000 9088999992088889889998007 9   5                                                                                                        
                                                                                                          33  5             0      4977      638      09      4                                                                          31           06      9798      5 24      0     239      9  9  75                                                                                                       
                                                                                                          5   2            30000000558000000097000000064      0                                                                           9           520000000613000000025300000002     8700000000  7  31                                                                                                      
                                                                                                         0   0             755552223 322222337755552222                                                                                                252222323 133333333 322552221      255555553  2   3                                                                                                      
                                                                                                        5   5888888888888888999999988999999999999998988888888898888888888888888888888888888888888888888808808808808880888888888888888888888888888080088889899999888888888999999999888888888898888888888   9                                                                                                     
                                                                                                       33                                                                                                                                                                                                  0                                                                                                    
                                                                                                       0000000000000000000000000000000000000000000000000000000000000000000000000000000000000000000000000000000000000000000000000000000000000000000000000000000000000000000000000000000000000000000000008888907                                                                                                  
                                                                                                     0000000000000000000000000000000000000000000000000000008000008080808008000800000000000800080808080080080000000000000080080808080808008000000000000000000000000000000080000000808080000000000008080080888888                                                                                                 
                                                                                                     0                                                                                                                                                                                                        5                                                                                                 
                                                                                                     0322222222222222222222222222222222222222222222222222222222222222222222222222222222222222222222222522552555555555252525222222222525252525552522252522525222222255555555555555552222225555555555555555555549                                                                                                 
                                                                                                                                                                                                                                                                                                                                                                                                                
                                                                                                                                                                                                                                                                                                                                                                                                                
