                                                                                                                                                                                                                                                                                                                                                                                                                
                                                                                                                                                                                                                                                                                                                                                                                                                
                                                                                                                                                                                                     74991                                                                                                                                                                                                      
                                                                                                                                                                                                   33     19                                                                                                                                                                                                    
                                                                                                                                                                                                   9  990  47                                                                                                                                                                                                   
                                                                                                                                                                                              399429 74813 355551                                                                                                                                                                                               
                                                                                                                                                                                             0      70 0 63      6                                                                                                                                                                                              
                                                                                                                                                                                        993 8  667713  0  975328  8 145                                                                                                                                                                                         
                                                                                                                                                                                      0       8 13  9  0 75  57 07      0                                                                                                                                                                                       
                                                                                                                                                                                     13 751139   27  9 8 5  31   633321 33                                                                                                                                                                                      
                                                                                                                                                                                  077   634   51  9  9 0 9  5  53   570    797                                                                                                                                                                                  
                                                                                                                                                                                 0  4093  787  12  9 270 4 5  23  707  1904  9                                                                                                                                                                                  
                                                                                                                                                                                33 13 393 7 53  33 3773072 6 32  32   392 37 31                                                                                                                                                                                 
                                                                                                                                                                                 88891   38  72  4  5750734 75  23 791   19094                                                                                                                                                                                  
                                                                                                                                                                      7140065333568057 397 35 75  0 0768310 8  5  93  85  390953332480637                                                                                                                                                                       
                                                                                                                                                                 3993   713317        193 63 8  5 735 9921273 33 8 79 183         33117   3993                                                                                                                                                                  
                                                                                                 75443                                                      1867  3893777787             39 0 9 31 973993275  475 0 22              65 773993  796                                                       1323                                                                                                   
                                                                                             707        69                                               49   201  3081 9     1000997      970 8 9 2 80955 8 0 4 8 0      208009      077204 7105  705                                               39        307                                                                                              
                                                                                           35    154427   24                                         383  382 759118 1487   5348 16  707    079 939911537898216 070    18   9776592    037597 691 193  591                                         45   735451    62                                                                                            
                                                                                          87  25      7397  0                                    795   90931713984752 35   67275407399515 6 787  7873725 24 4  7757 3 329893 5931253   75 6 3686311358081 744                                     9   93      755  79                                                                                           
                                                                                         57  0   367 49 79  73                                301  7070      37    03 0    9 6 33 78    8777 0                  78 73 0  7 0 9 215 0    8 24      7     8503  107                                33  9 7461194   0   6                                                                                          
                                                        795     391                      9  9   0 7    9 73  9 789997                     746   397391  9296281113   60  776  874579787 4737 033333333333333333118 7315  870 4519  0    96  73317855839  103792  7957                     79985  9  37 9    1 8   9  6            27 34   792  762                                                              
                                                       9   295493  9                     4  8  2317  793 37 7293431 51                7991  795795772 797997    10734 793 70    1587 877979 78                   9  5 8 70  83 3   0 77 5 39 97    15120  327467597  1647                7271975147 13 23    574  0  21          697  3237173     6                                                             
                                                     76  53      51 57                   9  53 3373     35  676797  0             305    101 95549447 74150 298   97 9 94 4787 37041319075  5377                713  37550077052  8 6 55 0 78   423797431  03552501701    603            747 3373 8  57     1173  9  9          6    5   411      4                                                             
                                                     9  8         11 4                   577 34 07 92159  70 3 87 76865469800851      583184  6     6999 1888453  165419 791 1019   3097 2026  78485795 4 2 0983  9758 7108 7 0705  51 595825  1530685749291    9 73837967     75908896446995  0 4707 795359  9 78 774          797 15    7       37                                                            
                                                    37 27          9  5                   8 57 28386233485779555583              58574615699 5  0699177 497  1077 9119  207 33  71333   766 3857761749575134 09 495 793   73337   23793 78710  787 7 26   302393 5 93665063482              3855459375851736016672375           13 32 73          27                                                            
                                                    8  9            4 9                    32 47  750008996999880009537     204176053677391 0  92333393    7777  0677 203 703          791 26  15738 05 66707597  69 48         77101 701 79007   77    39555538  87735 70590271405     7159800899666699000277 62752            33151 17   37  1987                                                             
                                                    4 73            9 13       796           387                  77729057 728523322333332223332232225590631128095223322555554805335904466644999990889979409008052555555605333580955544465608990933129023333223255555555444444456861 72895177                  793                  3 71 75   38996                                                             
                                                   13 4             73 9       5  0       199999800899999980000096999999999999999999999999999999999999999999999999999999999999999999999999999999999998900999999999999999999999999999999999999999999999999999999999999898989999999999999999999900000008899998009999995        13  63 5    6         9                                                            
                                                   5  8              4 0    7   2373      12                                                                                                                                                                                                                        8       4  71   5   9          31                                                           
                                                   6  8              9 9  7173   1 2      108888888999999999999999999998889999999999999999999999899999999999999999999999999999999999999999998888888889889898989888989989899999999999999999999999999999998888888888888888888888888888888888800000088888888888888880088      73 733 4 5   2   91    14         39623585                                           
                                                   9  8              9 5   556   61           15                                                                                                                                                                                                                9           53 3  5 5  1  11  7977        76          25                                        
                                                   8  8              4 37       9 7357         935555554444444669999999999999999999999999999999999999999999999999999999999999999999999999999999999999999999999999999999999999999999999999999999999999999999999999999999999999999999999996666666666666666645555541              2   9 9 3  951 27         97   599933    4                                       
                                                   8  9              5 37       79 4  5          8   0   5555555555555555555444666464666666444666666666664444444446666666666666644444444466666666666666666666666666666666666666664666666666666666666666666666666666666666699999996644444444444444545553   0  74                787365 17  27            9   8       03   8                                      
                                                   0  9              5 11              3         8   0   9                                                                                                                                                                                            9   0   6                     33  4   97         73 73         33  75                                     
                                                   0  9              2771             59         8   0   9                                                                                                                                                                                            9   0   6          76573734     9  3  13759      37 5           91  9                                     
                                                   0  9              23 3            75 07       8   0   97                                                                                                                                                                                           6   8   4     93559 11    37      9477    7335   77 2           737 37                                    
                                                   0  9              3373             9   69     8   0   63                                                                                                                                                                                           6   0   6    9   751      9          193    7167  6 76           81 73                                    
                                                   0  9              3373     289   9757   7687  8   0   6                                                                                                                                                                                            6   0   6   73 73    7   9              76   3733 70  9          87 73                                    
                                                   8  9              33 3    71 7   4  7   5  1578   0   6                                                                                                                                                                                            9   0   6    122 33  5 3457            9 33  4  73  4  6         9  73                                    
                                                   0  9              3373     52 1   61 41 73    0   0   9                                                                                                                                                                                            9   0   6    37 725       6           72  11  47 8   5 73        9  31                                    
                                                   0  9              33 2     31  767    73 4 1788   0   9                                                                                                                                                                                            9   0   9    5  3  4 61  33             77 11 1775   9 73        0  6                                     
                                                   0  9              33 3       97 65    55 52 979   0   9                                                                                                                                                                                           79   0   9    137   93   67                 0 3  0   11 6         87 8                                     
                                                   0  9              33 3       37 3 560  37133  9   8   6                                                                                                                                                                                            9   0   9     5244  12 75                23   74  78719          6775                                     
                                                   0  9              23 3               127 99   9   8   4                                                                                                                                                                                            9   0   9    1791 8                    917    2217 397          31 4                                      
                                                   0  9              23 3            79 937 371  9   8   4                                                                                                                                                                                            6   0   6    373  47                  9777     591              4  9                                      
                                                   0  9              23 3          386 775  70   9   8   6                                                                                                                                                                                            6   0   6    66 27 493             754  5   19                  9 13                                      
                                                   0  9              23 3         72  311223127  9   8   4                                                                                                                                                                                            9   0   6  787   9    9          23 3 576  153                  2 5                                       
                                                   0  9              23 3          4  29 3  691778   0   4                                                                                                                                                                                            9   0   6   5335 3 7  9          5 1    7  2  8                17 6                                       
                      33                           0  9              23 3     782545 73377  1    0   0  74                                                                                                                                                                                           76   0   83  39333373  6651       6 3    71    5                6 4         31                             
                    91  73                         0  8              31 3     726513  5 23421  379   0  74                                                                                                                                                                                           76   0   9   76 9 9 5 57   9       9331 7  1  33                5 5       53  37                           
                    01  75                         0  8             013318        273 27      6 38   8  74                                                                                                                                                                                            9   0   8 2  3082 4  770            91 3  1 4                 6 9        6  573                           
                    011 75                         0  8             05 77651 73    574 5 3 1 972 8   8   4                                                                                                                                                                                            9   8   9773     33  227            7531 176                  673        4 2573                           
                    011 75                         0  8             023  94229  7467323273775 66 9   8   4                                                                                                                                                                                            6   0   92 19175 8 3313          4455222222555563            4 9         4 5273                           
                    031775                         8  8             5899915  4      38148577797  9   8   6                                                                                                                                                                                            9   0  76015513636861            9 22551    73170            527         4 5273                           
                    831375                         9  0              3172 57 5       722577338   8   8   4                                                                                                                                                                                            9   0   6    93  59                45       778     59      275          4 5272                           
                    037375                         9  0              37 3 57 5       7355 3779   8   8   4                                                                                                                                                                                            9   0   4    52  38             464655555444644695  38      59           4 4272                           
                    037375                         9  0              3773 57 5       7355 5779   9   8  74                                                                                                                                                                                           79   0   4    23  39             5617         13876  42     94            4 4372                           
                    037375                         6  0              3773 57 5       7355 4779   9   8  74                                                                                                                                                                                            9   8   4    371 38              5193        7565   93    957            4 6372                           
                    0313 5                         4  0              3773 5775       7355 4776   9   8  76                                                                                                                                                                                            6   8   4    373 38                45       3137    68   827             4 6372                           
                    0373 5                         5  0              3713 5775       7265 47 4   9   8  76                                                                                                                                                                                           76   0   4    336 38                45       3137    4 71 2               6 6372                           
                    031175                         5  0              3718      9     7243161 4   9   8  76                                                                                                                                                                                            6   0   4    319 18                65       3337     4 73                6 6272                           
                    0311 5                         5  0              37333    515    755      31 9   8   9                                                                                                                                                                                           76   0  74   8     79               65       3337    3157                 6 6272                           
                    037775                         57 8              31789999948     7594466662  6   8   6                                                                                                                                                                                            6   0   4   18444467               92 7      237    99                   6 4375                           
                    037 75                         4  8              31 3 57 6       7557    9   9   8   4                                                                                                                                                                                            4   0  76    87  117               927       537   373                 312252330996                       
                    037175                         8778              23 3 57 4       7587247137  9   8   4                                                                                                                                                                                            4   0   6    8880007               62 7      537   837          758537775     33 5 4                      
                    017275                         62 8              2173 57 4       335749 3713 9   8   5                                                                                                                                                                                            6   0   6   475 35778              62 7      537   85         2579417  753252554555                       
                    0372 5                        473 8              5772 57 4      13377215 37709   8   4                                                                                                                                                                                            9   0   4 25 6 5 9 5 4             62 3      531   85        9 9         5 6573                           
                    037375                       973 30           21      97 4      9   73797983 9   8  74                                                                                                                                                                                            9   0   4  6866  9  373            65 2      231   05       710          576372                           
                    031375                    3672  719             87 33147 4       877 3735    9   8  76                                                                                                                                                                                            9   8   4      0 3   73            62 2       31   05       673          574312                           
                    031375                 1973     59               6  9 47 6       7813   70   9   8  74                                                                                                                                                                                            9   8   4    7073 7003             62 3     7131   057      937          5 4372                           
                    0313 5                973     379                259  47 6       76557 232   9   9   4                                                                                                                                                                                            6   8   6    9    797              6  2     7131   857      937          575373                           
                    037375               95     2791                      6776       763  317    9   8  75                                                                                                                                                                                            6   0   6     64592                63 3     7737   82   19666666497      5 7372                           
                    0373 5              133    36                         6774        61   17    9   8  74                                                                                                                                                                                            6   0   9                          62 3     7137   937   4377 7324       5  272                           
                  770273163           7733311712977        50800000000003 6774        61   11    9   9  75                                                                                                                                                                                            6   0   6                         742 3     7137   637    14  347        5  272                           
                 11111777779         47433   77 3475       91 131 7771539 6774       763   17    9   8  75                                                                                                                                                                                            6   0   9                         742 3     7137   237     03 39         5 4372                           
                7538446449439         7961133133383         733377   15   4  5        63   17    9   9  75                                                                                                                                                                                            4   0   9                          42 3      137    53     83 19         5 4372                           
      34  77777137 65    2  83113333333333333333332222225555237      35455555555525555225555555448   9  75                                                                                                                                                                                           76   0   9                          62 3     7137    99     38984         4 6312                           
      0    5555547 66   72 796455233   133355554454466999966537      12544666666666664255544465238   9  75                                                                                                                                                                                            6   0   6                          62 3     7337    44      531          4 6332                           
       71117717127765 7 75 787777777777977777777787777772777 77          7537677777777957773177778   9  75                                                                                                                                                                                            6   0   6                          67       7137    739     531          4 6335                           
                 37133717  8           97      778      4                793 9       762   11    8   9  75                                                                                                                                                                                            6   0   6                         75         131     84     511          4 6335                           
                  9998999966           97      778        571          73741 9        63   11    8   9  75                                                                                                                                                                                            6   0   6                         412        573      54    513          6 6335                           
                    031372             91      778        5 3          53741 6        63   11    8   9  75                                                                                                                                                                                            4   0   6                        473         779      65    213          4 4315                           
                    0372 5             91       78        2 3          52751 6        6    11    8   9  75                                                                                                                                                                                            4   0   6                       0 5           7742    157   272          5 4275                           
                    0372 5             93       78        273          52751 6       74    11    8   9  75                                                                                                                                                                                            4   0   6                77158275               6 993799    375         88888003                          
                    017375             9       118        2 3          42757 4        45   11    8   9  75                                                                                                                                                                                           74   0   6        94132     731                    73 95555555444466666455     149967                      
                    0371 5           687 7     3 18       273          42757 4       765   11    8   9   5                                                                                                                                                                                            6   0   6      132   2988943  357                   5               777 4     58 6574                     
                    0311 5      7957733           37 92   272          52757 4       765   11    8   9  75                                                                                                                                                                                           74   0   6      57 12          30133             147353      379      1606     5476770                     
                    011 75    917577               3215793372          42757 6       763   11    8   9  75                                                                                                                                                                                            6   0   6     9  75              9 4          7179  72      179        788999697 0 18                     
                    011175  87272                     3 73672          42757 6       765   11    8   9  75                                                                                                                                                                                            6   0   9     81 57              331          512           179          574273  8 39                     
                    01777533315                           373          42757 6        65   11    8   9  72                                                                                                                                                                                            6   0   9     81757              313         1 6            718          574373  8 39                     
                    017178752                             373          5275776       765   11    8   9  73                                                                                                                                                                                            6   8   9     87 33              9 5          374           718          574372  8 19                     
                    0772725   771333255554444445555231773 3 3          5275774      4554466691   8   9  72                                                                                                                                                                                            6   8   9     9 1 4             8 3            7 6          718          575272  8 59                     
                    07127459953777                    77739 7          52757 4      1833133397   8   9  72                                                                                                                                                                                            6   0   9     27 18            0               1 73         710          575272  8 59                     
                    0715 2                                5 7          5275774       6      8    8   9   3113313133333333333333333333333333333333333333333333333333333333131313131331313333131313313333131311111111131311311311111111111111111111131313131313311313133333333333333333333333313111111111   8   6      9   9          9 5 7             1723        738          575375  0 59                     
                    017272                                5 1          4375774       69955691    8   855555555555555555555555555555555555555555555555555555555555555555555555525222225555555555555555555555555555555555555555555555555555555555555552222222555555555555555555555555555555555555555555555558   6      273730        0 6 3               7732       738          575315  0 59    97115            
                    011272                                93           5735774      332 31739    8   6                                                                                                                                                                                                    0   6       93  978633507 5 4                 3 37      739          5 4315  8 59     4 13            
                    037272                               8 2            358776     372 31 1557   8   6     099999999999999999999999999999999999999999999999999999999999999999999999999999999999999999999999999999999999999999999999999999999999999999999999999999999999999999999999999999999999999998     0   6       353   7333357  4                   1 67     739          575315  8 627    5 33            
                    037372        77133332222222333311779 5              175 4     9 753   7143  8   0     8                                                                                                                                                                                        0     4   6        787 75   1   5 5                   1 57    739          5 5315  0 99422225326354         
                    0371704177                        79 3                5155     9 7  3 927  268   9     8     0117117057 7 7 72067777111135999883771130531133333333290511359800477711332231117871117041333193332595533325600865333290411133333333348231135896653333333333867     75092222325     8    6    94666666664805 172   4 6                     5 67   73442        4 5312  073            0         
                    0373754          77171117777     7671                  5 9       52 9 824537 9   76    8     873140718513317    70363799     76730893 799999990097   2927  1451 796124 7496339369 478 5956350533 78 28373457   3667   760655555627 7350121     303 6620   15217728275553072     0    9    4              053  4 5                       5 8   11999        4 5312  0 35533333345553         
                    03137915                        133                     5 9     8 7     7 6  9    8    8     87241 858755 2630    2507  789889934 8 73  477307  7 19      353    13595797781    64 7 597   56 795 64367  739927    15     791 8   1  9 3986139 5  4787  1702727 79435 93872     0   57    4             7817773949999999999999999996537  7 9  94 379       575312  0 2127     42            
                    0377 3013 1                    532                       3 0     927     53  9    33   8     074  80    8 86 135    0  76 60     89  23 50  5932302  9 0727 9 103    0 74518 718778 63 53  9 78  87    06 32 015627 70131785 033 6   0     58 2277 0    976        788 8872     0   9    74             3638433 7                       798 9173 70557     575373  8 3555     62            
                    0317 2 676 33               73572                         2787   79 24935    9     4   0     076 94391  383727753  3307702339698  16  5 1 0 383703  9 25 57  62  35 6  67 51 70747754 0 97 19  87 5 183 78   0138 72 535194 57   7  8  784957928 184   517           03 875     0  76     4     3      39 1 17     711333333333311       775 82   9275     575373  97644999999999           
                    0371793 1872   27            9 5                           1 97 9277 542739  9     9   0     073137  63307 308910 7073950763 1956 724  77 03  78 5 76   193 1 78 9595 3397197 8370 0 272266997539  85131577 339937747771652 53 3  2 9  8921733 983315  65            78 075     0  74    74 777 6    1 8 1 17                             772 9   13551    275313    199       427          
                    03137307  19 9     1253     8  35988965523333333325554698841  6799987 9 7 35 9     9   0     073587 97  390   7741 673 37787   75 31 9 5 8  8472 5  7099680   7707733 53      9  0 8 277157    79  9 2 9    9692303 375 07013817717 57 87 7 32229 1 0 335             07075     0   5     4 7 5 6    30    7                               77579   917 9   275313     95      7537          
                    037372 3531  9575577 73117 9 9599531777            77771354945 57 575 9 3 23 9     9   8     07347 05  7557  82 0 19 32 07387 0  18  6 1947  451 5  0175921 201 03531 729   78 453 07766 927 78187 4252  99  371770   9 993   554 2  07 30 70578 7279  92            797875     0  75     4 7 6 4 1 7973  5                                 375 8  52  21  215313     99996664458           
                    037772   78737  72994233248 2                                 375297    79   9     9   8     01359771  9375939 67 8 8  3939 07269    3466937 530   299    0    594  29778 28   72 9 9 75 7 70787709  566    43   9 47 93581 129987 8  1095 813 35 1329 33            037875     0  75     6 7 6 5 21673  7                                   773 8 123321  215212      337    30            
                    031772      18373        875                                   3 32330657    9     6   8     013835819978 7  70 79 7599        7   970   1937726897 885   0 304    5  07 7010483 01  937909 03  0 73 7  748 5   7863  8637 75095320 736         3001750 18         19357975     0   5     67  9 5 5972                                        77375 7003 26321578999804337    30            
                    031172           29894558 93                                    373279       9     4   8     076311120560084 71977787777541     71937717777777777707     9 75777547337369953136977759 754771501787 117957779 12     2577771117177777757777777301777977770779431340911333875     8   4    7617 9 5 477                                           7215     45 335736   7553    7307           
                    0313 2                797237                                     723933      9     5   0     064444444445468945555555555555555444544444666664444444480096994444555599699999999666666666666664466696944666666699900966644664444445545555555555555555555555540965555555555494     8   9    7433 9 431                                              3175    55 31412969963237   338530         
                    0311 5               13 34                                      5 7376 25    9    33   0                                                                                                                                                                                        8   57   752376 97                                               75 33     0 2611333336800000089939         
                    0371 5              153777                                       5  5727908658   908888088880008888080008888888800000000080888888880000808080888808000000000000000000000000000000000000000808080800000000000000000000000000000080000000000000000000000000000000000000000808080808880808   553 473   3                                            775 47    9 2971     5999664690947         
                    031175             5137 5                                         2  5 9     9  355                                                                                                                                                                                                  354  54374571  1                                             2 5 9    8 3611      33     79            
                    037375            313 39                                           13 5 5    9  722  76590889899994988999990550899998894008888880448999998894589888888955898999968558999999945589999998524999999983129999999833999999995330999999622309998880422999999995525555555555555554555555595  47  5917551  3                                              2 1 13   8 3911      211322378            
                  0771333733 7 7      877179                                           61777517778   9   0  0       0532      35 0       6312      78 72      75 51      74 74       9 75      32 35       8 91      34 65      76 0       8 38       0 39       6 16       9                          21  8 746173315  57                                           2  2 9    8 39117     32     19            
               398 5       27         9 1 5 155331                                    735 7121   9  67  9 70999999903 09966699925999999990 6999999992 5999699683 6666666693 3999666694 1966666692 7966666960 5896699990 7096666660 4966666695 8099999993 8066999960 6899999990                          6   8 677   1973   333                                   131  2 52     4 3917      12    719            
            9472533       73701       3173                   355555555555555555  7777    3179   21 33  31  955555550 1964445569 6999999907 866666690  869999985 89999999073666669985709999999074666699695109666669076996696995 0994444591709969999078896669998 89466996021045444440 9555444597995555550  0   06       55 337             7777111117777777       731   85       911911    7 13    71081          
        705  97783333333333367797      707 35546446666666444444555454444444454545455     782  70   9   9  9       28 9       9175       0721      18 0       8 15       9 47      23 9       0 4       35 0       9779       8 27      75 8       23 0       6706       0 89       998       8221      0  0  742000008965804177       7113322222223333177      773903       89589666819667774999996313107       
     383     715999999999999963           34999999999999999999999999999999999999999999951      9980   6  19999996681399666660970644444499 05555555927055555520 5555555224 9222223341 833333330 4522233326 0333333367 032222239 1455222238 3455555529 945555552676655555554 966666690360666669984946999989 13  2097                71322544669999666645553317                299899999927 15699999999627  397    
   046999999999999999999999999996666699999999999999999998988888888899999999999999999999999999999997  21 7888888000098888000  0000000001768000000037600000000571000000886  088080889  000000000 790000008077588888880271000000009178000000801 9880880884 580000000071800000000370088800888888889 7066999993 53  38999999999999996666666666699999998889899999999999999999999999999999999999999999999999999999963  
   00000000000000000088888888888808888888880000000000888888888808088080000000000000000000888888805   6  6                8670       70 9        0 57       81 0       16 9        8 75       57 8        6 27       9 76       31 0       79 53       4 39       75 0        8790              0 59      35 97  2088888888088880800000000000000000008088888080880000000000000000000008888888888898988888000001  
    099999999999999999999999999999999999999999999999999999999999999999999999999999999999999999998   6  977       7    7 72421       93 9       3670        0 75       53 0        9 12       51 8        9 31       4  9       76 41       8 70        8 81       9 56       32335 777777777 7713351      51 0   89999999999999989999999999999999999999999999999999999999999999999999999999999999999999999996   
   899999999999989898998999999999899999999999999999999999999999989889889898988888888899999999890   33 13                50 8 777    0 47  7 7779715777 7 770 57777777787 07     7 9 3377777775778777777779 7377    733 9   777770 137777777327077777  78775      779 0   777730146333333333322328 69       87 9   89888998888888888888898998988889889899998989999998989888888989899999999999898989899999999981  
   555545444464646444444455555555555555555555555555555555455444444444444444444444444445555544693  79  9                      20 32       59 8        01 0        0 53       41 0        9 72       37 8       79 13       31 8       70 10       76 93       33 0        57791                    908       0 79   8444444444444445555555554545444444444455555555555555555544444445454555555454444444444444447  
                                                                                              9   8  8                       46 97       8174        0 32       39 8        87 0        9 12       37 8        0 15        6 9        53 0        0 70        8 59        8 98                    3168       8 15   9                                                                                           
                                                                                             0   57 58988888899999999999999989770999999990 59999999985 9999999990370999999990 70999999999 19999999991 9999999990 70999999960 28999999968 48999999995 99999999901788888888893 6231111111131111111113819111111133 31  70                                                                                          
                                                                                            97   4 789998888888888888998902445 200000000000000000000000000000000000000000000000000000000000000000000000000000000000000000000000000000000000000000000000000000001 50000880089898898  046444455554856999999999640  9   76                                                                                         
                                                                                           13   0  8                    474           8                                                                                                                    79          80     7  13325          92             0  0   33                                                                                        
                                                                                           8   9  096666666969699999999990           7571111333333111111777777777777777777777777711717177777777777777777771777177777777777777777771111111111111177777777777761         510666669990 96999996666610499999999999999 78   23                                                                                       
                                                                                          0   73 70000000000000000000000816989898997 9899999965255552339                                                                                       433333331333339 688888889005988000000184089999995308888899999998002 74   57                                                                                      
                                                                                         57   0               0        8333       0615       89       72                                                                                        5             253       0 821       9 09       72      452       35 32   8                                                                                      
                                                                                        75   67              53777777 94 0117111135107177771789       3999999969669696969999999999999999999999999999999999999999699696666666666669669666666666668              06111171178 99777171133155111111197      935777777725 21   0                                                                                     
                                                                                        0   32               8311111113932333333330783111111793       3998999999999999989999999999999989899999999999999999999999999999999999999999999999999996664              68333333339 19331333330 55311711778      79177  77718  6    0                                                                                    
                                                                                       8    9                                                                                                                                                                                                                          0   76                                                                                   
                                                                                      31   722222222222222222225555555225222222222222222222223233322322222222222222222222222222222222222222222222222222222222222222222222222222222222222222222233333333333332323232323232233232333332322222232333333333333333333333333331   16                                                                                  
                                                                                     76                                                                                                                                                                                                                                      16                                                                                 
                                                                                     0000000000000000000000000000000000000000000000000000000000000000000000000000000000000000000000000000000000000000000000000000000000000000000000000000000000000000000000000000000000000000000000000000000000000000000000000000000000008888998                                                                                
                                                                                   86666666666669699999999999999999999999999999999999999999999999999999999999999999999999999999999999999999999999999999999999999999999999999999999999999999999999999999999999999999999999999999999999999999999999999999999999999999999999999999990                                                                              
                                                                                   9                                                                                                                                                                                                                                             4                                                                              
                                                                                   9                                                                                                                                                                                                                                             4                                                                              
                                                                                   33333333333333333333333333333333333333333333333333333333333333333333333333333333333333333333333333333333333333333333333333333333333333333333333333333333333333333333333333333333333333333333333333333333333333333333333333333333331311111111111                                                                              
                                                                                                                                                                                                                                                                                                                                                                                                                
                                                                                                                                                                                                                                                                                                                                                                                                                
                                                                                                                                                                                                                                                                                                                                                                                                                
