                                                                                                                                                           303                                                                                                                                                                                                                                                  
                                                                                                                                                           67  3493                                                                                                                                                                                                                                             
                                                                                                                                                            0      437                                                                                                                                                                                                                                          
                                                                                                                                                             461       70                                                                                                                                                                                                                                       
                                                                                                                                                              73         4                                                                                                                                                                                                                                      
                                                                                                                                                               9 7        97                                                                                                                                                                                                                                    
                                                                                                                                                               785         47                                                                                                                                                                                                                                   
                                                                                               839                                                              8 7         67                                                                        70113                                                                                                                                                     
                                                                                               9  39                                                            407          0                                                                       43   0                                                                                                                                                     
                                                                                                5     7396                                                     35            79                                                                    05     9                                                               750804                                                                                
                                                                                                8         34                                                   9          389533                                                                76        0                                                        99537         193                                                                            
                                                                                                15          367                                                07997           14                                                              22         0                                                      92        1  51997                                                                             
                                                                                                 74 2         70                                              17                5                                                              4         35                                                    97          0 0                                                                                  
                                                                                                   05           9                                             8480631777 7     77483                                                          0           5                                                  14            34                                                                                   
                                                                                                   5             0                                        7491 713568808898999800965339837                                                  76        38 73                                                 53          33 0                                                                                    
                                                                                                   57 207         8                                   3000057 11    3 7        68        7609                                               0  7140009  937                                                87             25                                                                                    
                                                                                                    97             0                              7027        8    8 57716 2177437          93                                             37503         9                                               43               8                                                                                     
                                                                                                   67          269958                             18637      9    78  7547 6 371 9   726847                                               83        141  75                                             9          72993  8                                                                                     
                                                                                                   07360043          57                                  71258  9 90       11 67 0                                                       5              868                                          770988895377        50                                                                                     
                                                                                                  57                  0                                     1170905 0  0 9348067 51                                                     199000000063     733                                  79061                73802  21                                                                                    
                                                                                                  87           735986273967                                 5786912  47 39991 05872                                                5847               729895                             19095237      31   1325608651    283                                                                                   
                                                                                             7401     7113377              7987                            7937  65 1995 13 7679393                                            2025800965949800927          78                          97             0          0     50937 99                                                                                
                                                                                         3057                                   50                        43     41            97   49                                       37          9 07       75002      83                         1897         000 209989  0       72 38930                                                                             
                                                                                      781             713546989965523353333333332253                   383   34  91            33     59                                                8 70  34 7437579  1592   95                            369437   955 7989    8       52    7603                                                                          
                                                                                            7333257       8  999001 492                              63     67 8 63           712        54                                             0 19   2   33  79 7  79390003                                  3937         02 1     37       53                                                                        
                                                                                               43        03   700  495                             76        78 315 1         913          9                                          400 870770  1    03530730   7702                                  70        50 0565     557135905                                                                         
                                                                                              57   757818 0        20                             41           24 972         32   87    124                                        52 5590  05456939 9  09 882   9   41                                 9983 363772  80203    6                                                                                
                                                                                              8937823609  11  7003 31                            0          53   6516         73  9  57  9 57                                      0  27 00 3270982  0   93 67   0      0                                070057 9 0   3  39697054                                                                               
                                                                                           30   88  7827   072   9773                           2 6   94      76    8          615  41  0   0                                    55   5   0  15    14 7  3 30   73       72                              07 6119 3    3 0 7759    91                                                                            
                                                                                         95       8  70    77 4317765                           333     34      783 57         97  67  032   5                                  0  7  4   9         7    6813   9          0                             0      11    97  83       7957                                                                         
                                                                                       81    95    19 0      0     0                             8     9  35        900       13 78  78 61   9                                 8      47  93             0 27  79           0                            0            939      502     78                                                                       
                                                                                     700000027  93   10     37     0                            3      13   901       91     75797  819 0     0              395               972    23  83            4970   6           369                7777       0           74     96  54       13                                                                     
                                                                                   91         30  39  0            87      937        38        8       8   0 7509  790875   99  7079 8 6  4  77         39089998093          47  0   15  60            08 9   9         13  8        70           0    96          567  45   81     7    36                                                                    
                                                                                 33   4857      10  55917          90     97            0      32        6  0  8  13989540   898372 9 917 97   0    7583 15900000651 7997    57    0   9  45           28 35   2        8     8      35    3        67 0 24         05397   93  185     20775                                                                   
                                                                                9   0      75    710  709          9 8   21      57      9     0         57 0  0  75     12 75    5 9 40 9     70739  05     3  8    103 38 75      07 0  5159        43  47  37       0       6    6     057        796  9        30     07  03          78 8                                                                  
                                                                               73 072       9  7  7 96  0          0  9 75    7 9    7    0   72   190005 0 0  9   8       697    4 9 0 087 331787707        3  07      79170  77759 0 5  2150        9   0   0      23        33  9        03    0    0  0       0    56  797 9           7575                                                                 
                                                                               0 078        71  9    69241        384 328    69   393      9  57 0   7369 190  51  0       52     4 6 8534 13175705    186 7355 01 282     0736  12310577 13 6      39    0   0     47  787     8 11          2523359  51 557    63759   780 791 1    7     0 9                                                                 
                                                                              768 0          8  4  6727 38        6353 0   58               8 0   13    508003732  0              6 4 05 9 776 2414  45705   3  9  701707 81 8787 583 7827 4  05   428    9   8    0 799        739              51 70 79   0 510      19 67772 0      9    9813                                                                
                                                                              15197          0  74 75 0   05      0  897791 5  7777         795      15    297 75090837           9 5 0 9304075418 0535      4322     29704 418707  87304177397970 8      4  75  339094904      75               32 87524   3509     56   5  0 5       8    7075                                                                
                                                                              1835           53  0  8 51  707    99  0097215                 25     8    19   51   3949894237     9 213 01 6 433979 9     798535693     8794  087011 0    235333010      72   3602    93   56   0                 912 755    22    656   8  3276       13    807                                                                
                                                                              2 8             6  0  12 6    97   015 47   09                  0    0    75   9    4         730   9 30 17815 673 0 06    071095505736    075 6719 9 5  7 27175136        733937   1707  8   36 4                  08  1 94   7  38  2   74  0 0         6  4 90                                                                 
                                                                              931             8  9   8 9      9825 0 73   91491               74  5    70  773   72      3 870 35 9 19 80 078173375 9  7574  70   78 0   70703  97578793322533055    19047     9   2181 70 7   5                 951  5 5 86803     8   6   96          9  17232                                                                
                                                                              50              37 9   5733      334 03685   6      77        196   5957 57   0    0 0999937675153799 15 0490 042373332600 8  7033568921853533132535328 9 875320    79          550   9 9  7369353       73544453   7159831          53   6   93   5      4  73179                                                                
                                                                             367               0 9   13 0      7503          39009455490061           1997 35   75 0 9  22510231910 7219250 0177777 7230 65009393   6 6877 71  765159 4  071      0 8 4 7    93 3   73502        409377        7501      38817     0   33  15    6      33  5779                                                                
                                                                             89    153609377795359    8 9      527                                      7 30    2 75 800004590977 6  6 113070  82 471  4797   07 7 4761   0 8 271127 71  9 17    8 0 478 308713 77187                    7                    30  75   0   0    0       76  6753                                                                
                                                                             01    0       33  760    0 11       0683                                  28919    8 3775         7486  8 7515147 579 84   9795  5  28761    9753  9 8  5  23 1    378254 070 9 72 72 991                                       697  17  76  21182          0  6 613                                                               
                                                                             0     705289  9973 2077  51 2       9  5 0480065317777       7 777129004779   5    9 4 127133337     4  0  913974 532620 708697 131 759     67800  675  0  8  1    10    1530 8 75  9   0 3005377                        775093      6   37 70              8 7579 9                                                               
                                                                            13          14 78 8  7  0 72905      5  82                  234775     8   9   3   23 9 33            6  0  07533 0933507048048 38002      7479  21970   9  0  101        5  0 9  5  0   6  9    5   47405999989994531      9         0   479    87         32 71 8 0                                                               
                                                                            5          8  77 9     0     053317    509833              20 8 00     0   2  31   9 76 57            4  0  6 0 31 5  3 991096   5 79    657074  30 03  37  5  3  1855537657 8 9  6  8   31 8   0     67597               74 9        9 1823203 3016        4  4770 0                                                               
                                                                            9        70     0     9     9       85      0103309 73  308 4539735    0     6 777 1249800865377      4  0  310  565  1727487 40250 0905 30  76  9 971  6  17  35837  78     8 9  8  9   13    73      037597515   007997484917587 750997  36  97  60       8  0  0 97                                                              
                                                                            0        8     0     75    76   980     30000000000000074     31 10    0    310   7   7290000627  77 3590008590    2  78 7    7803  0001      5256  77  9  9   11     35666518 6  0  51   5    06     17   67 00                  05     8   7  79         33 74  0 21                                                              
                                                                            0       8     67     31    3502 51                      793   57 575   0    0153448     5988967      71335989 0 8 73  1 50       3  0      6915368  71 13  9   3 158637     70 4  0  53   5   330     37    97      6933252        538    8       6        0  9   8 72                                                              
                                                                           39      0     61      9    19  70                          79  87 9 97  9   134     7992 783795 492   76891  0 470 73  1503 38827 31 873983 1042  5  73 0  57   37 37   5     8 5  9  23   4   8 0     37 19  693        39851       33787 74      15      27  9   9  5                                                              
                                                                           915  397   7 97       0  79   19                          7983 0  8  0      670946507 603 0335 98 563 559357743 5 273  135  1805       1905    5  53 7472  9    37     72     6 2  5  23   4  27 0     3727      18                   35 79 67             9  11   9  4                                                              
                                                                           0 07      479        75 8 37 31                         79   790  9   9     993  00 0333 549 5   703105   0 278 9   3  343        2358        75  557 59  73    37     77     5737 37 53     15  9     7027  6     34                  71  5 9            0 7 0    9  9                                                              
                                                                           8  9                 319 53 51                   51    43      8  5   15   470  07595725 893557 9730 33563  074 57  3  3013111111114 01111777775  5 8     0     1      17     3772  1 51     9   47    8363  79      0                  677119           57  30    6  9                                                              
                                                                          72  22                54 37 53                  79     0         871    35  931 03752477  879171038 76 0    120 0    1  1 7      7  8 977 7     3  5      7132548000089642377  71 8773 6     0    23  79   33  17      97                 9 3  8         41   80    6  8                                                              
                                                                          11  651              33 23 33                  43     8          397    36807089630 2755 5090585396550 3291 0 9 037731  3877559808370795999559293  50212256989000089423371298217   17050    4     32 76     9   0       57                 9 97 5       21   674   74  8                                                              
                                                                          27  5 9             33 75 79                  07     8        323 9537   72075 9330045948970390297   8 3341 337326 951  3997952934870386944794373  5 58785588549895277  15496537 7 1161    735909535 9  321     32       91                23 8 6      51   76 27  75  9                                                              
                                                                          6  72  8            8  0  0                  8      57     93    340005774896779753  707909 760790000076397470 0000003  32692  352222222235 75003  500008085288 90061 7     135000  0 056409004377  5 0     65   0        9                 8 3674    8     0  31  72  9                                                              
                                                                          0  21   0          9  8  57                75      51   70       9551547988 6  4734 850  90992120  73118 0 81575 20771  3 592  300899998807 35 17  27729     77613796440937      35  315056294395671057       42 37        0                37 970         8   73  73  9                                                              
                                                                          0  47  7567        0 87  1                25      71  59         882599868917  76386  74978637142396879741478 0 5823235333597343 9441197629 38   33254950     8978 7     77131  7969 8 0037 3392998359   3     7979        76   3            8  90        27    2  13  6                                                              
                                                                          8  8   73 97       637                   31       74857          995     734    6 1091 0 0 0 407  1215438 07975 67137909517 7    157  5377   7 780824407035   4723  0893 7   3   85437231    390852083   0     7347         2   6            0  99       53     5  11  4                                                              
                                                                         14  0   71  33      46                   53       075 0           33       70874  975797337 8  9268328118  33717  5 1568       77  77 77777     3 52399 8356713700 0 1930     73   010 278           0   72      9 70         0   8           13  0      51      4  37  5                                                              
                                                                         32  0   71    9    78                   13     391 3711           75 3057324       7847560999999 5387 36  870 82    269421                       356029         37513 8552  73   7   1 7573         3    67      0   783      12  74           2  5     9        6  37  5                                                              
                                                                         51  0   17     91  9                   16 7202     8 4             8093358 885377  7 7905767 87601        019 5 47             13255446645231      740           48 8  08    4082293398 970      3908   79       0      0      8   51              2  78         9  37  5                                                              
                                                                         9  79   37      704                    901 8       9 8          8  030320573600437772900951 7            579 9   9                    494521        99051       403132 1818721 29 77500617 9     900    0        0      427    33   0              8 070         9  2   27                                                             
                                                                         9  75   5         8892                0    8      3375          9  30937           7249808953 713598953  879 9  75               7945690623391794998373689924  33 60 8 51775989217 1598937 792    57  70         8      5139    0   12             74  9         8  5   31                                                             
                                                                         8  12   9         33 6 203           9    75      9 51        9 5   00537 39085385 7087 790      36009217  371  75            10177     7  103103 30371464310  33 612 5   7736000617403   7 7350 8 7507          8      35  83  51   0              0  41        8  4   33                                                             
                                                                         8  13   0         0  4    919092   20     17      8 0         9 74  107    7506     305  0093 7         501 7 903              400627   30 96                  35  0005      057601    786  50009357             8      34    3875    5             11 33        8  9   33                                                             
                                                                         9  37   0        11 0    67    4          67      9 0        75  8  75237  35        305335886277329067 3998855908953                    7                       195 381 759623589        01 23597 52            0      16       8    9             57 72        8  9   33                                                             
                                                                         6  27   0        0  6    0    5           0       479        32   8555 80   37           9        7265206       748261    4973989895395          36835803            294139863877        0  75570   12           0      79       9    71          3437  5        9  8   12                                                             
                                                                        75  5    0       35 3    72    9           0      7275        23     27 921   9    307               85000921505705        9017280085 185     005017564870                         701   8   0 0 0    23          8       8       14   33       50 9  5  4        9  0   15                                                             
                                                                        72  4    8       8  0    47    4          15      7373        51     6  913   0311                       712987             760852259097     53 7135097                                715  11 9 0    12     6    5       0         97    74927 6  71 0  6        9  0   15                                                             
                                                                        73  9    9       5 14    0    51          57      3173        51    9   833   8    359900953377                                                                          7713568009627  17  5  6 0          13   77       0         23      17  5  75 0  9        9  0   75                                                             
                                                                        31  8   76      57 8    15    0           9       2173        33   8    651   6427 7                735690000000896452331777                 771335546980000000965317                  79   8  9 4          57   9        0         75      72  33  0 41 9        9  0   76                                                             
                                                                        57  0   74      0  9    4    75           8       4775         6  1    8 0    500515777136808845337                                                                  73359800843177819090   9  0 71         8    0        0          9       9  76  8 32 8        6  0    8                                                             
                                                                        67  8   15     33 71    8    37           9       9  9         8    7574 0    5697 465 7819649197  7 1996980469988890899664444555522555444444449998808889990899977  7 535969293  33812750   9  0  8        76   55        0          8       0   0  5374 9        47 0    0                                                             
                                                                        9   8   35     9  6     6    9            5       8  0          0130  6 12    414234 6175 33547570370291323870   57063202297   831995791   7078958810   191017 54131020  55 6 28758754310  74  8  23       9    05        0          8       0   0  76 9 67       57      0                                                             
                                                                        0   9   32     9  0    33    9            3       0  51              51 5     9 17793549  2269  5175875727544797493771377330 379 3 6  1305546 3573 303772073 455397518778698  51678151 30  74  57  4       6   722        0          9       47  8   0 9 4        51      0                                                             
                                                                        0   6   23    12 35    8    23           31       0   9             13  8     0 141873867115632445578647  55269953  92355 37126755379376793 7763633  40872131  65536193556557157368  2 60   6   3   6     57   023        0          57      32  47  0 9 5        23      0                                                             
                                                                        0  74   51    97 9     0    0            47       0   5            35  75     8890565 7389 44175253501 9361 12831351563626139 6635  155220171724382 760975 5474771798337 4 53740 76397780   9 974         9   3151        0          37       6  31  4 9 27       33      8                                                             
                                                                        8  15   47    0  0    75    9            0        36   0   0      47   0     760063     9702394787 51875 23 2347347797336 83109  55327703740 377573 970683535 71630 78359  5874     40008   8 9 8        0    9 47        0          31       9   3  376 37       32      9                                                             
                                                                        9  32   6    74  4    3    71            0         9   32  79   39     5     357      732498004531   93345155    91927729797  9195  19297  8792 774655 77653694162    12080086531       37  8 6 23      8    97 6         8          12       8   5  725 31       15      47                                                            
                                                                       75  23   9    17 73    4    57            0         9    67   741      5      0   50862177            7325498000899490800537777779945907777777308980669988000894217            777348009397  5 23 0    797   13  6         9          74       9   9   83 13       76      57                                                            
                                                                       33  51   9    5  47    8    0             9         9     0            8      8      2541577773090089537         7                     7                           35980004017 3378 35  973  13   73         9   9         9           9       5   0   01 12       79      27                                                            
                                                                       27  57   8    9  0     9   74            75         9      8          9      53       703  618  78179943717  7733833396699990088888899888888888089660333919177  519 371539   89  53  8 0  9   0    52       0    9         6           0       2   9   87 75        8      31                                                            
                                                                       5   67   8    8  0    13   51            12         9      78         6      9         1176   4  7683  681  91 930 7376795 9 37627735967 977 5 779193 4 9141 877 28   9 2  5   6  57 047  0   8      55    0     9         47          0       37  47  51 75        0      31                                                            
                                                                       9   9    9    9 32         8             33         8        9       9       5          05     0  907  09319 50   9011    16 1    30  69     303    7757   74 95578   84  8     4 73 06   35   4          0      9         5           0       13  32  12 74        0      71                                                            
                                                                       8   9    4   32 5          9             31         8         0     53      57 37       70     32 11 1 993 7 57  19218   3 5 9567         385 5 9  76 432  13 7151032715 72     8 72 01    0   6        70       8         57          0       75  79   9 76        0       3                                                            
                                                                       9   8    5   51 9         75             27         8          0   74       8  51        0      9  0   9  53   07   433837840   5            5497397518   29  35  977 37 77     8 73 0   0 11   0       6        8         27          0       76   0   8  6        0       3                                                            
                                                                       6   8    3   8  9         31             5          8          887 0       4   51        4      8  64 8  4      74   33  475   13515  2 0     78 7 711  76      0  0 833 37     0 7378   9  0   72     99        8         37          8        0   0   8  9        8       3                                                            
                                                                       5   0   11   0  5         9              5          8          8 45        5   51        3      8 73974  9       15  07279     9  9    8 33     97719   5       77 31637 37     0 7313   37 58   24   8 9        8         37          9        0   9   6  9        6       5                                                            
                                                                      33   0   27   0 51         0              4          8          0  34      9   351        72     8 73  5  5        8  158 9    5767 9  9    9    73759  4        71 31 71 27     0 7157 7 71 790   7855  5        8         37          67       0   27  2  9        5       5                                                            
                                                                      47   0        6 0         74              6          9          8    81  16   1553         0     0 72 74 75        4  11 03  797973  577 5 070   70 89  0        71 34131 57     0 718 74  5  6 49103 1003        8         17          51       0   71  3  8        37      6                                                            
                                                                      0    0       73 8     2   27              6          9          9     531    79 51    0    0     0 76  5  5        5  60004  579 78   7  5  8 4  10009  0         1 33 5  37     0 719 75  0  75        87        8         11          23       8    2  73 0        71      9                                                            
                                                                      0    0       1773     9   6               9          6          9    8        6 51    0    41    8 759 5 75        5  27  4  9 0   6 73 37  5 6  77  9  0        71 3133  37     0 755 75  9   9        0         8         71          13       97   9  76 0        73      8                                                            
                                                                     76    8       275     8    8               9          5          9  0         57 51    0     5  759 74  5 75        5  375 6 54 27   79077   9 4  37 89  0         3 33 5  37     0020  75  32   9       0         9         73           5       51   0   0 0         4      8                                                            
                                                                     11    8       970     5    6               9          5          02           9  41    0     8759 8  45 4 74        5  39 26 29  786328747507  9 3377 9  0        73 33 2  3987 740170  12   8   32     75      4  9         73           6       33   9   0 0         8      9                                                            
                                                                     5     9       076    6    12               9         73          9           9   47    8     903  8  4  5  4    97 38  37376 3 97            79537173 9 20        73 33 3  37  93   76  33   0    57    37      8  9          3           9       72   53  670         0      47                                                           
                                                                     8     9       867   79    47               8         73          9          12   67   79     4   08  5  5  9     91 5 937  6 4 153          993 0 37  80 06751    71 33 3  349      31  31   57    8    5       8  4          2           8        5   79  120         9      32                                                           
                                                                     9     6       90    8     0                8         11          9         79    9    76     12   0 03175  632797   57727  9   794          303   37  8  0  9 5  371 33 15 2        8   27   73         9       0  5          5      3    9        9    0   68         23      9                                                           
                                                                    33    75      351   73     0                9         31          9         8     9    15      0   0  9765 79373773  5 497  9  53              79  57  8  071 2123 71 19231197       8   5     8         8       0  5          6      9    4        9    4   99          9      0                                                           
                                                                    0     73      68    0     74                9         57          9        0      0    23      0    583 74785775006435  67079 716751         9 013 553 8  03789093 78733 3606       35   4     0         9       0  2          8      8    33       8    71  59          0      9                                                           
                                                                    29    71      04   4      37                9         9           9       0       0    4       21      713           4  377 67 298  069  483 785 6 37 89  0           5417          6    6     32       15       0  2          0      9    79       6     8  10          6      37                                                          
                                                                      759657      0    4      5                 4         0           9      8        0    9        2                    57 5   945 574   9  5  273 10717  8  0                        70    9      8       53       0  3          8      9     0       27    97  0          13354992                                                           
                                                                          57     73   0       8                72         0           4    56         0    8        97                      59969   70   416558  8     01778                      7405  6    9      6       8        8  3          67     23    97      15     9  57       18                                                                   
                                                                            169620   4        9                47         8           4  70           9    5        8  730063                               59                             28007       33    9      13      0       74  3          35     79    73       0     5   06469067                                                                     
                                                                                8   35       51                0         75          7565            75   11        4783        135988942377                                 32698086217        38375848     4       0      8       31  3           8      0     9       97     0  9                                                                            
                                                                               41  79        0                74         37          73          34  71   9         15908437             15       7133555446644552331       76             736006377   8    72       51     4       57 73           0      67    9        5      9  0                                                                           
                                                                              4    0        73                5          6           77         8    47   8          0          360009234                                     3426800937          77 787    51        9    73       8   3           27     73     0       9       0  0                                                                          
                                                                             87   8         8                 9          9           27       32     0   5           08951             5      777111333222252222333311777      9             1580437  34    0         33   37       9   2           75      0     37       87      54 782                                                                       
                                                                          759   18         35                0          75           6      19      53   9         78       726889523175                                       9 1324908657             601 9              57      33   8            0      35     87       95       59   58431                                                                 
                                                               397             07         79                8           0            0    44       23   47     6067                         73256980000000000000000089965217                               31              0       0     83           9      57     9         50        40      22                                                              
                                                             92           1901           70               79           13           741857       95    749057                                                                                               307           76      73        77505      0      91     29          103       7367   94                                                            
                                                          19  5466664523      793       53               93           79            8         397      8                                                                                                       758845311770       0              78     101    52      83           782              9                                                          
                                                          0                305       701              28            50              83             3007                                                                                                                  37      6       0                 70    07      46        61   3           75                                                          
                                                           14091 332490937       7897             503          5097               70    758000851                                                                                                                           77368          712554469085      707            3891     766          56                                                            
                                                                0          736867           73993       72893                    39                                                                                                                                              28537                  74853779                 5841    491   297                                                              
                                                                 55                      92          59           7159000089537                                                                                                                                                                 104           7                      730    70                                                                  
                                                                    2095325884311126091           2037        7                                                                                                                                                                                     7489531                     7135569880857                                                                   
                                                                                        72466453                                                                                                                                                                                                                       77777                                                                                    
                                                                                                                                                                                                                                                                                                                                                                                                                
