                                                                                                                                                                                                                                                                                                                                                                                           
                                                                                                                                                                                                                                                                                                                                                                                                                
                                                                                                                                                                                                                                                                                                                                                                                                                
                                                                                                                                                                                                                                                                                                                                                                                                                
                                                                                                                                                                                                                                                                                                                                                                                                                
                                                                                                                                                                                                                                                                                                                                                                                                                
                                                                                                                                                                                                                                                                                                                                                                                                                
                                                                                                                                                                           1256980444666699999996063                                                                                                                                                                                                            
                                                                                                                                                                 850000000000000005     777158093     72083                                                                                                                                                                                                     
                                                                                                                                                           280000000000000067  160437  9005   17  10515893   1991                                                                                                                                                                                               
                                                                                                                                                      190000000000000092  5957     10005  593    597 7957   2947  296                                                                                                                                                                                           
                                                                                                                                                   90000000000000005 799         90067 29           707 707  6   501  69                                                                                                                                                                                        
                                                                                                                                                40000000000000087 507   235    0002 707     73551      36  61 77 7  7597 101                                                                                                                                                                                    
                                                                                                                                             20000000000000007 58   7 07     9009 78     7787364318      16  87   15 7  487 56                                                                                                                                                                                  
                                                                                                                                          20000000000000005 39    76042 79 1000  0       3 6 0358220       32 7561 4581    39  8                                                                                                                                                                                
                                                                                                                                        50000000000000007 07      9    71 9005 35   4    8134   705 4    9   8  9547  47      93 44                                                                                                                                                                             
                                                                                                                                      50000000000000007707     8453      6005 37  512    8315 7  02 6    961  57 07    839      53 64                                                                                                                                                                           
                                                                                                                                    5000000000000000 70       2         9005 67  9 0     2 875  07621    3 9   57 8               22 49                                                                                                                                                                         
                                                                              349800000332255546699980000000000088000894   325908000000046999998803200000000088999966445000 73 511   0    9770006 5    37 7270  5 3                 55 89                     3598800000855446699800000000000800089996645                                                                                                       
                                                                     000000000000000000                                80000000000000000177777777777     7 7            800 27 8 77787  759       591   627 753 1717                              0   9000000000000000009                               9                                                                                                       
                                                                     000000000000000000513333255544699998000000000000099503177735680000001                              000 37 87 97  59  1021160007  9   27 14 171 7711133325555444669999898800008   900000000000000000033333322554469998800000000000084                                                                                                       
                                                                     40000000089523335685669999998888088888899999999993  40000000000000001 57135992            7 369889 000 37 615  55  00000150081000778  78 9 1 1488957                  1255  4     400896523325499880556669999998888888888989899998                                                                                                         
                                                                       00000000000000000 398   093   483   285  165 67   40000000000000001 2 9 8   7793    2057       9 000 37 93  077000000700590003000 33  98 1712 37    285       3991 7  7 2 4      900000000000000001 044  864   692   987  291 6                                                                                                          
                                                                       00000000000000008 100   001   902   050  528 47   40000000000000001 5    7  07  7137  597 0579 6 800 37    6 3000000300009000001005 9    1 13    5 7917       01  53 7  2 4      800000000000000001 503  601   502   042  859 6                                                                                                          
                                                                       00000000000000000999889899889898999999964444497   40000000000000007 5   5 8  581766 307 79 3 9 91000 37  76 5000000 0000007000003009 0   1 11 141787  497 2 29  39 5  8 5 4      8000000000000000044466669999999988888888999889                                                                                                          
                                                                       0000000000000000080088899999666444445555222339    40000000000000001 2 0152 52703749759747 32   81800737  8 50000008900000003000001005 5  1711  197 78 18 15762787 53 3  5 4      8000000000000000066699998888888880888899999999                                                                                                          
                                                                       00000000000000008                            47   40000000000000001 3  9714707900000087879  0  41800737 9  00000003000000003000000700133 1713 79 79733100000097670  9   5 6      800000000000000007                           9                                                                                                          
                                                                       00000000000000000669995    399984    788889998    40000000000000001 2 8 416361   80000093333 9 51800 3775 0000000070000000060000000300 9 1713 8 75 079   10000051737 8  5 6      80000000000000000777777   384335857   33333352                                                                                                          
                                                                       00000000000000002       39   777  38         4    40000000000000001 21717478      30000001157 531000727473000000001000000009000000030027117338  9 825      4000001353 4 4 6      80000000000000005       87 728093  07       1                                                                                                           
                                                                       0000000000000000      54 707    735779       9    40000000000000001 2975570         0000007357731000 570 0978000007510000572000005 0500 03730  97537        300000175 274 6      80000000000000007     93 87 7463 70  8      1                                                                                                           
                                                                       0000000000000004     9 70  8000542 31 9      9    40000000000000001 6 8724          10000066 9 03000 531760000000050003390010000000070019373  97874   504    5000098 0 04 6      8000000000000000     9 52780000010 76 0     1                                                                                                           
                                                                       800000000000000     0 35 8 50000058  9 9     9     4000000000000001  714 9   363     5000007651  000 76 2040000000010 00199600000009 0093073 72510     37     000007933   6      8000000000000005    0 9 47  40000053 8 9    7                                                                                                           
                                                                       900000000000000    573731    9000045  572    9      700000000000001  9 997   224      0000048 0  000    60840000002910000957000000824008   3 47971        13  3000059 6   6      900000000000000    375 9     70000011 975   7                                                                                                           
                                                                       600000000000009   741515      5000068 519    9       00000000000001  0330  7       9  000008210  000    90007002200005907000063002906000   3 9 29 7902    293  000003 9   6      500000000000000    8729       3000098 518   1                                                                                                           
                                                                       900000000000005   9 0 9   57   0000074 8 5   9       00000000000001  03301002     307 000000310  000    80000170000000130000000170004000   3 9 39              000003 9   4       00000000000005   9 011        6000079 611  2                                                                                                           
                                                                        6000000000000900037157         000069 5 04907       00000000000001  0330  7  91      800000318  000    900580000 5064000 00790005605009   3 9 39      015     000001 9   4        5000000000001  73719     7    000058 971 0                                                                                                            
                                                                         300000000009   0 670     9    80000373 9 23        00000000000001  0330    318      900000310  000    20100000000734000370000000891003   2 9 39   7  0 9 5   000003 9   4         000000000007  77279    73    000096 971 0                                                                                                            
                                                                         300000000009   0 8 9     9    90000773 9 23        00000000000001  0330    5 9 737  900000118  000 39  900000000600057000700000009500 99 2 9 39   8079 07 8  000003 9   4         000000000007  175 9    72    000066 971 0                                                                                                            
                                                                         300000000009   8 9 6     8    90000773 9 33        00000000000001  0330  349 9 9 0  900000118  000 279 860000000102100610900000007009 83 5 9 29   9 1 74  0  000003 9   4         000000000007  175 9    75    000066 9 1 0                                                                                                            
                                                                         300000000009   8 9 6     9    90000173 9 33        00000000000001  0330  979 679  2 900000118  000 276 308273333100000000511171401007712 5 9 26   6   9   72 000003 9   4         000000000007  175 9    74    000066 8 1 0                                                                                                            
                                                                         300000000009   8 8 6 12  9 01 90000773 9 33        00000000000001  03300570   37  19900000118  000 2772 0000000030000000090000003008 0 575 9 26   6   8    9 000003 9   6         000000000007  174 9   7279   800096 8 1 0                                                                                                            
                                                                         300000000009   8 9 9   9 9    90000773 9 33        00000000000001  0338   0   17    900000318  000 27 57 00000007000000003000005400 9  5 5 9 54   4   8    2 000003 9   6         000000000007  174 9    5 9   000096 971 0                                                                                                            
                                                                         300000000008   8 8 9    109   90000773 9 33        00000000000001  0338   8    0    900000118  000 27  6 1000000600000000300008400 73  5 5 9756 75    82  4  000003 9   4         000000000007  174 9     9    800096 971 0                                                                                                            
                                                                         300000000008   8 8 9 7   0  7290000173 9 33        00000000000003  0338   11   0    900000118  000 2    0  000000 000000700005400 13 7 575 97267   781 6  13 000003 9   4         000000000007  174 9     9 8  800096 9 1 0                                                                                                            
                                                                         300000000008   9 8 6 701 9  4 60000773 9 33        00000000000003  0338   73  432   900000318  000 3 757 9  00000020000500007009 33 90 2 5 9756   9    9    7000003 9   4         000000000007  174 9 279  376 800096 971 0                                                                                                            
                                                                         100000000008   9 876   5 9 15 90000773 9 33        00000000000003  0338  52   4 2   900000318  000 3 7111 21 200009300390045003 4  9 8 2 5 9729  12     34   000003 9   4         000000000007  174 9 9 3   65 800096 971 0                                                                                                            
                                                                         100000000008   9 874   79974  60000773 9 33        00000000000003  0230 71    0 5   900000318  000 3 71 70 787 39900 700 900  32  2  0 2 5 9 26  75       4  000003 9   4         000000000007  17479 3  009   800096 9 1 0                                                                                                            
                                                                         100000000008   8 874    699 1 90000773 9 33        00000000000003  0230  6  57  9   900000319  800 37 78479   24  29880057  91  77265  2 5 6726   6  27   0  000003 9   4         000000000007  174 8     5    800096 971 0                                                                                                            
                                                                         100000000008   8 874     811  90000173 9 33        00000000000003  0230  9  4   9   900000319  800 37            29      07            2 5 6 24  9   71  12  000003 9   4         000000000007  175 9     5    800096 9 1 0                                                                                                            
                                                                         100000000009   9 976     6    90000173 9 33        00000000000003  0210  2  4   6   900000319  800    7  7                               2 9 24      71  5   000003 9   4         000000000007  175 9    75    800096 8 1 0                                                                                                            
                                                                         100000000008   8 8 4 28  5    90000173 9 33        00000000000003  0510 2   4    9  900000118  000552225555555555555544444466669699999999989 36      11      000003 9   6         000000000007  175 9    75    000096 971 0                                                                                                            
                                                                         100000000009   9 9 6    045   90000773 9 10000004666666666999999998880000008000000000000000808800089999996666444555555555555552222333333333015933333333311111000003797776666666445000000000007  175 9    75    800096 971 0                                                                                                            
                                                                         100000000008   9 9 6  09  746 90000773 9 1000000                                                                                                                                  300000000007  175 9    11    800096 971 0                                                                                                            
                                                                         100000000008   9 9 6  95   96790000773 9 3000000    9999996                                                                                                                       300000000007  175 9    73    800096 971 0                                                                                                            
                                                                         100000000008   9 9 9   7858   90000773 9 3000000   73         70                                              77 777777777777771111111333333333333222555555555555591          0   300000000007  175 9     0    800096 971 0                                                                                                            
                                                                         100000000009   9 976    70    90000773 9 3000000   73       07   077777777777777777111111111333333333333333322225255555555555555555444466699999999998888000000008  746        0   300000000007  175 9     0    800096 971 0                                                                                                            
                                                                         100000000008   8 976     8  6 90000773 9 3000000   73      0 7 07 00000000000000000000000000000000000000000000000000000000000000000000000000000000000000000000087 6   76      0   300000000007  175 9     0    800096 9 1 00007808                                                                                                     
                                                                         100000000009   8 976 15  9 57 90000173 9 3000000   731117747  9 90000000000000000000000000000000000000000000000000000000000000000000000000000000000000000000000008 41  97     0   300000000007  175 9     4    800096 9 1 000 050154                                                                                                   
                                                                         100000000008   8 9 9   0 972  90000773 9 3000000              6100005                                                                                       7000008 9             100000000001  175 9    37    800096 9 1 007903 873                                                                                                   
                                                                         100000000009   8 9 9    680   90000773 9 100000099999999999999630008   4   71111777777777777              7                                               3   00000 92222222222222500000000007  175 9    17    800096 9 3 00 007 973                                                                                                   
                                                                         300000000009   8 9 9  4  8 99 90000173 9 3000000              430006 9   97 4889999999999666644445555555555555555522222222222233333333333333333333331 39   3  6000079             300000000001  175 9    71    800096 9 3 00 05  973                                                                                                   
                                                                         300000000009   9 9 9   8 98   90000173 9 3000000              430004  3 0 0                          4           0           57                       8 8     40000 9             300000000007  375 9    73    800096 9 3 005  7 770                                                                                                   
                                                                         300000000009   8 9 9 22219  3 90000173 9 3000000     99994    43000411  02                           6           0           57                        94   5 90000 9    1111     3646666669999999999999998999988808890888008899999096965                                                                                              
                                                                         300000000009   8 9 9   189  8 90000173 9 3000000    0     9   430005    05       790866003           6           0           57          1900003       847    60000 9   9    4    31                                                     83                                                                                            
                                                                         300000000009   8 9 9    30 63 90000173 9 1000000    0     9   630004  7 05     98         70         6           0           57       107       104    04 71  40000 9   6    27   31    39999999999998999999996666666444445555552223      79                                                                                           
                                                                         100000000009   8 9 6 47  897  90000173 9 3000000    0     9   430004    02    07  79000213  31       6           0           57      67 5       3 107  057    40000 9   6    57   31  24 7777  777777777                         7   52    0                                                                                           
                                                                         100000000009   8 9 6   5 97 7 90000173 9 1000000    0    79   630004    02   07  30003       57      6           0           57     6    8    707  70  05  7  60000 9   6    57   31  30  777777771777777777777777777777777777777 79   8   0                                                                                           
                                                                         300000000009   8 9 6    88 78 90000173 9 3000000    0     9   630004    02  54  70009         9      6       580000047       57     3     09 98     65 05     60000 9   6    27   37 5774                                   7 77508 4  27  0                                                                                           
                                                                   9  533500000000009   8 9 6  013897  90000173 9 1000000    0 79  9   630004    02  83  30006         5     76   587 3 85 5717 303   57    77      301      20 85     90000 9   6  9 27   37 6 8                                          0472 37  0                                                                                           
                                                                  0050760030000000009   9 976  9368    90000173 9 3000000    0  9  9   630004    05  65   00007        5     7938  97    302    17 30727     7     79785     58 85     90000 9   6  9 27   37 6 9   099999999999907   777777777777  777    0972 27  0                                                                                           
                                                                 00001 00003000000009   9 874     0    90000373 9 3000000    0  9  9   610004    02  70    00008             39711082    8 8    9067 78           07306701   0  857    60000 9   6  9 2    37 6 9  0              9                        0973 27  0                                                                                           
                                                                 0000 510003000000009   9 81133333111111111177279 3000000    0  9  9   610004    02   30    2000009         41    70394781310739237    61        9       4  04  847    90000 9   6  9 2    17 6 9  0    180097    9   5899999998883 2883   0873 27  0                                                                                           
                                                                 0000 0  901000000009   9999999999999999899899999 3000000    0  9  9   610004    02     09                 9 3     0307       3074     253                10    847    90000 9   6  8 2    37 6 9  0   805    7   9                        0973 27  0                                                                                           
                                                                 000070  807000000008                             3000000    0  9  9   630004    02       3002771497      9 89055699            70971045757      657   5007     847    60000 9   9  9 2    17 6 9  0   00   3055  9   100000008888888882   0973 27  0                                                                                           
                                                                80000       600000008333333333333333333313333333332000000    0  9 79   630004    02                      71   20 63  7997   796   5 35    0                     067    60000 9   6  8 5    37 6 9  0   901    9   9   5     17          6  0973 27  0                                                                                           
                                                                80000       600000007                               30000    8  9  9   630004    02                      9      07  0     0     0  92     41                    847    60000 9   6  9 2    17 6 9  0     00005    8   2    72     707   6  0973 27  0                                                                                           
                                                          289999000008080808000000008888888888888888988888888888888880000    0  9 79   630004    0288888888888888888888880361 168  8      9      0  98 716 988888989999999999989057    60000 9   6  8 2    37 6 9  0      007     8   2  06   703   687 4  0973 27  0                                                                                           
                                                         000000003                                                  00000    0  9  6   630004    02                      8 304  8 9       3       8 9 705  5                    857    60000 9   6  9 2    37 6 9  0       1      8   2     07    87    4  0973 27  0                                                                                           
                                                        000000001     3000000000000000000000000000000000000006      00000    0  9 76   630004    02                      8016 798 9       9       9 98 27315                    857    60000 9   6  8 2    17 6 9  35            79   9                15  0973 27  0                                                                                           
                                                       500000000    433933333333333333333333333333322322233292 9    00000    0  9  6   630004    02          168892      9      939       0       939   3773     598893         847    60000 9   6  9 2    31 6 9                                          0973 27  0                                                                                           
                                                      5000000000   179786233332255555555555555555555555548009 8 6   00000    0  9 76   630004    02       7007      45   3     3509       7       033 93   35887      7001      847    60000 9   6  8 2    17 6 9  308888000000000067  38808899999999982   0973 27  0                                                                                           
                                                     00000000000   4120                                    700732   00000    0  9  6   630004    02      00           7   0 04057 50             09303         0    7    80     857    90000 9   6  9 2    37 6 9  2 80000   7 7777 9 35                6  0973 27  0                                                                                           
                                                    000000000000   6339     9179                            50 22   00000    8  9 76   630004    02     09    717 20      797837   399    3    68693     8     70729733   80    857    90000 9   6  9 2    37 6 9  5 0   6  5555551 9 15 79996          4  0973 27  0                                                                                           
                                                  80000000000000   9339 03350888733   0 07473 5347070 0 97  50732   00000    0  9 74   630004    02    50      4074        10      73 503777209 79        95777 7077 0     03   857    60000 9   6  8 2    37 6 9  5 0   9          9 15 9    0         4  0973 27  0                                                                                           
                                                4000000000000000   9338 9  15  47 9                         50732   00000    0  9  4   630004    02    00      70 8         70      3 0278  0770            11 200392 00   90   857    60000 9   6  9 2    37 6 9  5 77777          9 12 9    0         4  0973 27  0                                                                                           
                                                0000000000000000   9339 9  150557 9                         50 32   00000    0  9  4   630004    02    90    00961567   4    319 347        392       5837  0   2624107    00   857    90000 9   6  9 2    37 6 9 75                9 13 789981         4  0872 27  0                                              88622                                        
                                                0000000000000000   6338 9   9  27 9  9   7777777777      9  50732   00000    0  9  4   630004    027   301  22    3252 71    33  9          04             4    7581907  7701   857    90000 9   6  8 2    37 6 8  5 7  777  7      9 73                6  0872 27  0                                        15887    78                                        
                                                0000000000000000   6339 9   6 537 9  50                 46  50 32   00000    0  9  4   610004    02     00   00   761728     13  72        8 8             45      3     709    847    90000 9   6  9 2    37 6 8  30888999888888990   20000000000000004   0872 37  0                                      65        9 0                                        
                                                0000000000000000   6339 9  07   706  50    293323144    66  50732   00000    0  9 74   410004    02      603     81   15     13   53       23 91          21 9          505     047 7  90000 9   6  8 2    37 6 8                                          0872 27  0                                    56         32023                                       
                                                0000000000000000   6339 8 9      78 758  7991  51  8 9  46  50732   00000    0  9  4   430005    03        800372      17    13    75       74  07        0 07 0977773009       047    90000 9   6  8 2    37 4 8  9999999999999999666666666  34222555563  0872 37  0                                   9           0  05                                       
                                                0000000000000000   6339 8 9      79 758  39    02    49 69  50732   00000    0  9 74   410005  3 03            759      5    12      97       26   307   14   07  7777          051    80000 9   6  9 2    37 5 8  0         1899999999999771 8         6  0872 27  0                                 44           8                                            
                                                0000000000000000   6319 8  91   528  58 89     93    55 69  50732   00000    0  9 74   4100057   073             80     8    12       787        6937   18     25               957 7  80000 9   6  9 2    17 5 8  0   3332223332222222322777 8         4  0875 27  0                                93           29                                            
                                                0000000000000000   6339 0         8  58 09     03    23 69  50732   00000    0  9  4   410004 5  5731               994  2   15          07                     73     7      12 9  5  90000 9   6  9 2    31 570   544445555555555555525553   333333337  30472 27  0                               0987          79                                            
                                                0000000000000000   6319 8 07 0    4  58 113    91    90 69  50732   00000    0  9 74   410005 4   381777777777777779      0777 7     77774705                    9311113333111281    3 80000 9   6  9 2    11 36 6855555555454544444466666669999999999998003 8  57  0                     8311777  794            14                                            
                                                0000000000000000   6319 0 5  3   05  59  674   47  1297 69  50732   00000    0  9  6   610004    77               6       74             979 382                 8               6     00000 9   6  9 2    11 74395222222222222222555555555555555555555555593  19   0                       691        593   7693753                                            
                                                0000000000000000   6339 0 900000039  59    0798560347   69  50732   00000    0  9  6   610000        7 75        72    700097           39 6 8   5057         105        3 4          300000 9   4  9 2    13   07                                           70     0                      40522480957     2091   60                                            
                                                0000000000000000   9339 1008899989   59       7777      96  20732   00000    0  9  6   67000009                  0    87    0       777 0  332        771107   77777777111113333333390000009 9   4  9 2    11     77 7 777 7                 7                     94                     87         755             10                                         
                                                0000000000000000   6139              525222222222255555916  20 32   00000    0  9  6   9 4000000000000000000000005   31      800000000005  3530727 9 73 5 700000000000000000000000000000005 0    4  9 2    11                     3                               93                    40      233885635051            96                                      
                                                0000000000000000   9329 7931777 10   988000000000000000003  50732   00000    0  4  9    0  00000000000000000000007   0     14490000000007 840004549 5  9870000000000000000000000000000081 39     6    5    10888999999999999999607  855555555222223333331111117775                     63    60619 157 237  5 480921    718                                     
                                                0000000000000000   9339 11 1   3 1                          50 32   00000    0     6      49555555544444444666648   67        7000000880987 796            9 70008880888889999999966666641       6    5    11               7397      93          7 777 7 7 7    79                   87        72 80958   0  53  0                                             
                                                0000000000000000   9339 11  935  17  999999999999999999999  50732   00000    0     6   78                       4   8    3116 11289501   8   047303          70 780                         93   6    5    11   31         35     1     2             77777777 51 74                 0          51 2958 870   85720                                             
                                               30000000000000000   9339 17  0 8  3   000088888888888999989  50 32   00000    8     4  6  300000000000000000000000   6   76 2       1 797   87   83  180949097   4  000000000000000000000000  5   6    5    10   0 77     13        072  27        29947       6771 33               0           0 9 8328      8 9905                                            
                                                0000000000000000   6139 11     7 17     599999996644444445  50732   00000    8     4  6  000000000000000000000000   5   0 0       5    33   51    77           0   8500000000000000000000009 5   6    5    706   8 8  330           9504 57    74357313935     5 57 3              8          34970 0        8887 3905                                          
                                                0000000000000000   6139  931313138                88988989  50735   00000    8     4  6  000000000000000000000000   3  73 0       9      87  78   5         783   13 70080888888888888888986 4   6    5    7005  78 9 89           981  265    4 18    239537   9 27 92           07            01077        94937  7762                                        
                                               30000000000000000   5 507                                   509175   00000    8     4  60                        9   3  2775       9       07   93   3900005       9   855555555444466669699986   6    2    70001  75 07           74 70  565 6 5 38     3145347179 9  550000964548  94          0 53        497709     28                                       
                                                0000000000000000    4747352525552233333311111111111333333331 9373   00000    8     6                            9   3  5 13       9    5   34    62              91   97                         6    5    70000   78             71  75774   4 97934  39752 47 0 8 4  88         387  199      0703      4 625   793    0                                      
                                                0000000000000000     637 77777777777777777777777777777777111138     00000    8    76                            9   2  732        4    0     0 7   381          57    607717111333333333322555555844649990857     7879            27  4 6  84483  8749259757       8 07 97501        3891  7980809953 77  50     70       8                                     
                                               30000000000000009                                                    00000996903852303555552233331333333331177   6   6            42    9      79              70      675555544466669999998880000797   670        70  29          908  74                         10778  0    401          360006  10557906      9 0      15                                    
                                                00000000000000966999999999999999998888888888888888888889999999999644900000    9797  19400000000000000000000000000   0           703   76        187          87   75  5783333311111177777777777700523   2329        101 769       0999999898989999889999999999999999907   9     874993                104       9 0        0                                    
                                                0000000000000007                                                      000007   6727  702          777777   1    72  9           931   15           903777305      74  330   0 337717  095 673982 90572   75 89         503    6886894                            7 777777772    3372 97390637           70      227         9                                   
                                                00000000000000009      95222223333333311177777777777777 7         59   300005   1279   20  78  747651     5 5     9 75         916    32                           6  7533 9 517557 97 354     3  700 9   7079706          7600000    9                                     43 16 739303       7129008637      376          0                                   
                                                0000000000000000007   53  69999996664444455555552223232233333331132 19   90000 7  9 8    0     5 0  135174   3197  33         67 0    51                           9   9 8  0  95 23 6773317   0087 90157   5131 9593                   652555544466699999999998888888888891  91798 30762          0           28           6                                   
                                                00000000000000000009    9  0 2533311771777   7 7   7          17 5167 87  700007   5 37   02  77377574     6997 71  51      10   0    47                           0   0 2   2  377 9 35  8      77  40221   3379570 40817                0          7 7 7 777777777777771770  196   33 55 415   0941          35 0         79                                  
                                                0000000000000000000007   9  1333   73507  7159   8767  3418  17 9 7970  0   50003   74 9   50   747277 13 75 771 77  76          8    9                            0   0 72 5    98  0 70  3  73  93  70876    9 07 764   19093        3807               77        2289577727 534   497  757 9800047          522           0                                  
                                                00000000000000000000004   74  9 9    737   7123    77    22     27  7614 23   8009    8 97   05   197593     24 745    397       9    8                            0   0  0  9 63 31  1 7    9 70       0076    44   0433677  3  587  26555501   8     0779 77715    3667957774761   0 6340951      1791      1913237    97  34                                 
                                                000000000000022000000000    67 1371    40     00    884   7907    99  4167 8   1000    2 33  760  9   99339   19393 3  74015883775    0                            0   9  23 79      4 77  1  1          50433  75   978    7140000577773  3 1513907    47 87    5  499999712  503 6973959889537    749 8358687  7827707  9   5                                 
                                                00000000000004000000000005    4  879   16537    1    57     33   435   7070 74   8007   74797  701                 7     771333323    0      79                    0   57  000000000000000000000000000000000070 75  9973047         70  40888963 9 5089421           9  139490   42379739953 7            6    307  74779 5   0                                 
                                                000000000000040000000000000    97 3535    01   72394   491   165    557  1432 57  1009    8767   090000000000008889999999666644461    9      76            4       0   37  9                    777711113333333036785527               795455225579599       43333379751 835553  33386 17    7991        702      81  8   37  41                                
                                                00000000000004000000000000004   14 7070999999998888888000888999964444555555 78  9   6007   4735   21       7 777777777777777711357    4      74            4       0   17  977777 777713333333333333332255469998969997    75057          702 7355557 7433225  57 68050 79  777941 7 05   707     207  709 674      19  0  31  79                                
                                                0000000000000400000000000000007   8  7333333331111777777777 7                    127 7001    5     79                  77113333367   75      75            6       0   71  09999999996999999564      33 48898804283     196     32       0 7979    70 5     33 342 5359    7   87  67      31       768595  7954451  8  9 27   0                                
                                                60000000000004000000000000000006   75          7866  1958   8347  4155  93 8   23 101  104    6 13                             74    73      15            6       0   73 12 90005 50009 3000579      39598612556 55        392      4683   09 97    8 75 77775   3497    3637  8 75        97         19603  76927  73987     4                                
                                                 30000000000050000000000000000000    9        70  33 37  3  9 7677977077437877770361707  60    75 6  700000   700000    00008  78    71      15            9       0   75 6105340391 0559  2555767   32357   787    0          7057        3113              7777     104937   75097         0 8     58 51   0           14    1                                
                                                  150000000005000000000000000000005   75  9     349   756    03    86    5 5    5 847 19   03    0 57  400001   300005   208897 9    37      32            9       0    6 03423809178 50003 9000575 1935 93  8       9            100027  290000001   5    8     47  54039333     0          2 9   10 70   33             35   72                               
                                                     0000000050000000000000000000000    8  43   129   726 77793 77 8971115 633334 5  8  87  36    6715   77777    11113    255528    27      33            9       0    8 94 97305001 950009 38992 8  06937 0        9         38163  795          387 673237693  73   79 35857  31          729  74  8   35               0    6                               
                                                     900000005000000000000000000000004   32 707 039000039000093500094100007680000 3   23 70   67   75 07  00000    200007   80009    4       33            9       87   017 0 9800477   780007 9000737  4850         33      35 75  781               9 7995193 41               6            00 70  61   9                31   9                               
                                                     2000000050000000000000000000000000    8  13 10040040030004098000003006003000000    0  53  70    8 33  300004   766664   1315    9       21            9       97   08   333278       30009 7000578  75          72 1   0  51   8                 36446117    0777777        5            99 9   4   87                 3   0                               
                                                     200000005000000000000000000000000002   11  9  804000000200000300000480000030000087  33  9 7 53   53 9   32255    569993   82    0       57            9       97   89  7 72799981     199964233133435           13 2  8  75   0                   026237      808899999999907            53 4  57   9                  5   0                               
                                                     2000000050000000000000000000000000000    8  73 100500000400000080000030000080000003   8  13   07  78 9   500003   300009  51    0       57            9       67   9107   737    87     906077 7  01            2157 91  0   57                   5746  07     11306     750             3267  0   3                   4   0                               
                                                     500000005000000000000000000000000000005   75 767                        77711325555469983  5   70   4 14  723331    17777 9     0       5             9       47   44 13          796 35 7 39365557             0 8  6  5   79                    13      9652 8   9  15975              140  35   9                   4   0                               
                                                     2000000050000000000000000000000000000000    01  7                                     777775     52  73 0132255469999999990     9       4             9       41   51   5            19  78 0 6  5              04  37  8   9                      2    77777787  47   07 8 8            149  47   8                   5   8                               
                                                     200000002000000000000000000000000000000006    79096644555233331177                                 0   0   9   33         0    74       6             9       51   23    0           0   0 7177 73             333  0  35   8                      2          0   0    9  16 73      2   343  8    9                   5   61                              
                                                     20000000000000000000000000000000000000000001                                             7771333322559554455044468999988888    32       9             9       51   32    73         73  33   6   7             07   9  8   72                      5          0   0   7587 7  16    11   45   0   32                   3   22                              
                                                     200000000008325499800000000000000000000000000999999966455522333311777                                0    97 4   0        6    51       9             9       51   15    73         27  6    8                0    32  0   31                      5          0   0    512     31   0    03   8   51                  31   14                              
                                                     200000000000000000000000000000865376 00000005                                                        8    9  4   8       72    4        9             9       51   76    73         9   9    0               37    47  6   47                     75          0   0    0 9         15   722   9   67                  47 705                               
                                                     200000000000000000000000000000000000000000005                                                        8    67 5   0       11    9        9             9       51    9    73         0   6    6              34     9  72   0                      33          8   51   23 4        9    9 2   9   97                  016                                  
                                                     200000000000000000000000000000000000000000005                                                        8    4  5   0       37    8        8             9       51    9    73         0   4    17            76      9  73   0                      50000000000007   4    0 13      53   52 31  9   67                  0 8                                  
                                                     200000000000000000000000000000000000000000005                                                        8    4  5   0       5     8        8             9       21    00000000000000008   6     0            96      8  71   0                      90000000000005   9     13      31   73   8  0   53                 74 8                                  
                                                     200000000000000000000000000000000000000000007  777113333255554699999888888889999996644555522333333330000000000000000000000     9        8             9       21    00000000000000000   9     79          5 0 79   9  71   0                      00000000000058   76           97   58    7849   22              7589  0                                  
                                                     20000000000000000000000000000000000000000001                                                        0000000000000000000000     4        8             9       21    00000000000000000   5 7             22  3374   41 73   0                      00000005     9    57        96    91           3590000000886627   8   0                                  
                                                     20000000030000089423777356900000000000000001       0000000008899964555223331177777 7         8      0000000000000000000000     5        8             9       33    00000000000000000    59           709    075   14 72   0                     7000001       73    9           745                 74 0    7157   9   0                                  
                                                     20000008900000000000000000000000002000000001     16                                           35    0000000000000000000009     3        9             9       33    000000000000000006              39  76   123    9176   0                     200007         93             383           1       3334    578    47  0                                  
                                                9000000000008000340000000000000000000000490000001    57                                             8    0000000000000000000006    71        9             9       33    00000000000000000 72988845099097     57           7909441            7713600000003   51          135688841   76         97       5 6     0 0    23  0                                  
                                                8000000000000000000070008942377130000800020000001    5   065555233331177777 7 7                 9   9    0000000000000000000003    37        9             9       33    0000000000000005                      91                   3727     76 0000000000    57                   702  7      51         9 9     0 0    13  0                                  
                                              900000000000000000000200000000000003000000020000001    5   5 64                                52 9   9    0000000000000000000007    47        6             6       33    000000000000000                  73                        275      1310000000003    21                49359957    287        3958 809652079     5  0                                  
                                             5000000000000000000030000000000000000700000020000001    5   5     044552333311777            0     9   9    000000000000000000000     8         4             6       13    00000000000000  0    73             5006317 7 7713402      6 6      3 2000000000  71 33           10005        78898000000863    9 9    7419 509 4  0                                  
                                             9000000000000000000030000000000000000008000050000001    5   5   39                            107  9   9    000000000000000000000     0         5             6       13    00000000000004  9 74  7017                                 9 8      0 5000000006  37  2       702716         90000894237    7325667000006351   756  0                                  
                                             8000000000000000800030000000000000000008000050000001    5   4  37                              77  9   9    000000000000000000000     0         2             4       13    00000000000001 35 76      3498894555554999531             78 9   7869 6000000003  57  5  29693   97        91           78      7573    4 9     89  0                                  
                                             8000000000000000000030000000000000000008000050000001    5   4  37                              17  9   9    000000000000000000006     8         2             4       73    0000000000000  51  8       30  68   7009217          7750379 98057358 900000000   47  9         0   37    8              0      5157    8 0     99  0                                  
                                             8000000000000000000030000000000000000008000020000001    5   4  37                              17  9   9    000000000000000000005    74         3             5       72    0000000000005  9   0     70  07   3827        7           75 5      8 9   90006   9   9        9   79    017             9      0 0   7073008837 9  9                                  
                                             8000000000000000000030000000000000000008000020000001    5   4  3                               17  9   9    000000000000000000003    33         3             5       72    800000000000   0   0     8 15    0        135698966999880081394552319 9    800    9   4       61   0    600008   713355466645042 8  47 38    8   6  43                                 
                                             0000000000000000000030000000000000000008000020000001    5   4  37                              17  9   9    000000000000000000001    27        71             5        5    800000000000   0   23   0 76    0                0        9 9       5 5    000    67  31     33   11    00000000945331777777776029008        9   5  35                                 
                                             0000000000000000000030000000000000000008000020000001    5   4  3                               17  9   9    000000000000000000007    5         11             2        5    900000000004   8    4  5  9    97                8        8 0      6 23    009    47  79    14    0    900000000006   75  9                  57  27 79                                 
                                             0000000000000000800030000000000000000009000020000001    5   4  3                               17  9   9    00000000000000000000     6         31             27       4    900000000003   6    9 79 4    7000000065317      0       3111 777123 068000001    57   0   15    47    000000000003    5  9    3             37  12 75                                 
                                             0000000000000000000030000000000000000009000020000001    5   4  3                               17  9   9    00000000000000000000     9         37             37       6    40000000000    5    378776    00000000000      1322231484 52   53 74000000000     37   31 1      9    100000000000     5  9    8             77  76  5                                 
                                             8000000000000000800030000000000000000009000020000001    5   4  3                               17  9   9    00000000000000000008     9         57             37       6    50000000000   73     07 0    100000000000000089455233173555698000000000000002     11    9       57    600000000000     4  8    8             72   0  8                                 
                                         20000000000000000000000010000000000000000009000020000001    5   4  3                               17  9   9    00000000000000000009     6         47             33       9    30000000005   71       72    90000000000000000000000  7000000000000000000000      73    61      0     000000000000  7009  9905 9              9   0  0                                 
                                        300000000000000000008000039000000000000000009000020000001    5   4  3                               17  9   9    00000000000000000005     5         9              13       9    10000000007   17       9     00000000000000000000000  1000000000000000000000       9           6     5000000000000  9        0 9              0   6  9                                 
                                      10000000000000000000008000000880000000000000009000020000001    5   4  3                              387  9   9    00000000000000000001    33         8              75       9    7000000000    57      14    400000000000000000000000  1000000000000000000006       0          75     0000000000000  1889999893 6              6    3 19                                
                                      20000000000000000000008000000040000000000008900000020000001    5   4    9                           0     9   9    0000000000000000000     47         0              74       9    7000000004    9       8     000000000000000000000000  1000000000000000000001       57         0     70000000000008  7985225985 5               4   8  9                                
                               332555400000000000000000000008000500000000627 15906000000020000001    5   4     889996455333177               44 9   9    0000000000000000000     0          0               9       6     00000000     0      73    1000000000000000000000360  332000000000000000000         9        5      0000000000000877702 7   8713               6   34  0                               
                               500000000000000000000000000000300000000000000000000003300020000001    5   6 21                                   9   9    0000000000000000000     0          0               0       5     00000005     8      0     90000000000000000000007       900000000000000002         4       35     5000000000217  7143      47  773507          0   57  9                              
                               500000000000000000000000000000030000000000000000000000000020000001    5   099800000008889999645523331177             9    0000000000000000009    75          9               0       27    00000007    32     9      000000000000000000000068000009000000000000000008937             75      00000000 6837       7333377  3771638          8   87  55                            
                               500000000000000000000000000000000000000843 73490000000000 00000001    53                                           47     0000000000000000004    37         75               0       12    0000006     9     91     00000000000000000000000380890030000000000000004      87         55      00000000703        1322066221      98           046983                               
                               400000000000000000000000000000000000000000000000000000969000000001      97               771133255469999888889996647      0000000000000000002    4          33               6        9    600005      5    57     100000000000000000008945047   39080000000000008                59       00000005 0000000000888990 58800009008 6599889965553                                   
                               400000000000000000000000000000000000000000000000000000000000000001       77                                               0000000000000000007    8          57               37       0    2000       0    87      0000000000000009   00000417  77100893   0001    07        4451        10000003790000000000008   2736         000059                                           
                               500000000000000000000000000000000000000000000000000000000000000001                7711332546998000000008996455233311777777600000000000000000     4          6                 3       9     9   777  9   38       000000000000000  75809217         712908374 508652395                50000000   57000000000003  500020       50000673                                          
                         2546999248000000000000000000000000000000000000000000000000000000000000081177                                                     00000000000000006    57          9                 9       31    8    784   95        00000000000000 780063       5313       148410          589531325980899994592 62   8              00000 8       0000395                                          
                                          12680000000000000000000000000000000000000000000000000000                                                         0000000000000007    0           9                 8        2    9763   105         10000000000000079000000000000001 9331       18 485                               12                0000079         463                                            
                                                      2 3480000000000000000000000000000000000000000                                                        14    5 3     9    75          72                 32       8    2   407          80000000000000    000000000000000314           5000474                                                50003                                                         
                                                                   294900000000000000000000000000000                                                        33           6    37          6                   0       57   75    6499889903    1349895   8  2426   5665552 9000935         00000 9                                                                                                              
                                                                                3588000000000000000001                                            7777771333292         8     8           0                   71       033350                            303196            00000 8         3000979                                                                                                              
                                                                                              290000001  77132254698000000089645233     4 2                               5   03         73                    93   1509                                                   9000975            9                                                                                                                 
                                                                                                                                                                                  3331    99965223333333325549994                                                            553                                                                                                                                
                                                                                                                                                                                                                                                                                                                                                                                                                
                                                                                                                                                                                                                                                                                                                                                                                                                
                                                                                                                                                                                                                                                                                                                                                                                                                
                                                                                                                                                                                                                                                                                                                                                                                                                
                                                                                                                                                                                                                                                                                                                                                                                                                
                                                                                                                                                                                                                                                                                                                                                                                                                
                                                                                                                                                                                                                                                                                                                                                                                                                
                                                                                                                                                                                                                                                                                                                                                                                                                
                                                                                                                                                                                                                                                                                                                                                                                                                
                                                                                                                                                                                                                                                                                                                                                                                                                
                                                                                                                                                                                                                                                                                                                                                                                                                
                                                                                                                                                                                                                                                                                                                                                                                                                
                                                                                                                                                                                                                                                                                                                                                                                                                
